x0000 7694 53418 3508
x0001 4841 29588 1886
x0002 5105 26961 1864
x0003 4985 27324 1882
x0004 4417 30126 1772
x0005 4744 32079 1958
x0006 3963 30526 1826
x0007 3692 26587 1852
x0008 3425 25317 1639
x0009 3732 27506 2173
x0010 4554 32475 2311
x0011 5344 37157 2950
x0012 5110 38553 2697
x0013 5087 36692 3071
x0014 6396 36568 3092
x0015 7181 38682 3592
x0016 7121 35074 3256
x0017 8389 37785 3912
x0018 7611 45598 4082
x0019 7743 45618 3930
x0020 9090 42440 3748
x0021 7671 49451 4303
x0022 8324 52907 4472
x0023 8227 51564 4470
x0024 9276 48205 5354
x0025 7616 40668 4042
x0026 8181 47657 4888
x0027 7481 39374 4185
x0028 9545 43637 4448
x0029 8772 41969 4205
x0030 7283 37264 3969
x0031 8079 42405 3801
x0032 7834 39889 3637
x0033 7409 37235 3561
x0034 8065 39552 3423
x0035 7701 41364 3585
x0036 8782 50396 4012
x0037 7454 46134 4723
x0038 9347 47585 4844
x0039 7872 46778 4690
x0040 8016 48484 5276
x0041 8267 47867 4941
x0042 9294 59318 6079
x0043 8691 44631 4648
x0044 9856 45965 4557
x0045 8897 48856 4728
x0046 8692 49926 4928
x0047 6534 39763 3789
x0048 8248 45679 4384
x0049 7513 40161 4329
x0050 8450 45043 4818
x0051 7488 40792 3723
x0052 7065 38129 3322
x0053 9490 46622 4614
x0054 8527 46645 4513
x0055 8740 47179 4807
x0056 8820 41984 4474
x0057 9606 46622 4847
x0058 9062 48308 4758
x0059 10300 51556 4939
x0060 9595 44859 4542
x0061 8995 43063 3887
x0062 9889 43682 4399
x0063 10127 44417 4452
x0064 10154 43241 4916
x0065 10103 48811 4989
x0066 7993 37521 3627
x0067 9170 40391 4067
x0068 8397 38463 3543
x0069 8064 37061 3703
x0070 8931 44685 4354
x0071 9939 45068 4333
x0072 8568 41741 3976
x0073 8446 40425 3779
x0074 10156 36485 3762
x0075 8279 37529 3333
x0076 9133 42444 3701
x0077 8703 37033 3719
x0078 7624 35786 3868
x0079 8142 34630 3588
x0080 8802 34447 4029
x0081 7961 34478 3921
x0082 6967 38395 3466
x0083 8736 36681 3724
x0084 6554 33095 3422
x0085 7562 33614 3674
x0086 7855 37029 3944
x0087 7708 34866 3482
x0088 9628 43938 4404
x0089 10175 42938 4857
x0090 9136 46399 5191
x0091 8650 44025 4616
x0092 7718 37133 3977
x0093 8085 39025 4250
x0094 7812 41028 3810
x0095 7889 39136 3696
x0096 9196 43854 5261
x0097 7889 40417 4669
x0098 7756 41401 3818
x0099 9924 50611 5168
x0100 8972 44161 4158
x0101 10746 54165 4840
x0102 8428 44390 4135
x0103 8004 45625 4001
x0104 7661 42199 4096
x0105 8464 45136 4030
x0106 8742 50845 4674
x0107 8186 45932 4193
x0108 9462 52297 5036
x0109 9440 51188 4713
x0110 8601 44589 4440
x0111 9298 49387 4505
x0112 9914 48578 4343
x0113 8610 46595 4135
x0114 8465 44501 4664
x0115 8753 44022 4855
x0116 9474 47887 5120
x0117 9043 49374 4773
x0118 9665 51619 5511
x0119 9775 45210 5046
x0120 8808 46442 4781
x0121 11160 55088 6142
x0122 9331 50416 4873
x0123 8168 43656 4456
x0124 8952 44973 4728
x0125 9155 40139 4991
x0126 10327 47002 5152
x0127 7685 41343 4600
x0128 9352 45740 4593
x0129 9633 49810 4818
x0130 8644 45329 4680
x0131 7938 41330 4360
x0132 8284 45060 4626
x0133 8852 45952 4881
x0134 9088 45191 4717
x0135 8621 43419 4576
x0136 9023 44270 4677
x0137 9162 45267 4567
x0138 8980 46413 4985
x0139 9216 42784 4616
x0140 8089 39511 4081
x0141 8412 39339 4252
x0142 8823 40375 4430
x0143 7811 40704 4786
x0144 7006 38479 3970
x0145 8304 39847 4499
x0146 8786 43860 4984
x0147 9107 44915 4974
x0148 8269 35364 4572
x0149 7585 39962 4456
x0150 9242 41065 4971
x0151 9048 42307 5598
x0152 8089 39795 4442
x0153 7123 35344 3589
x0154 7421 37776 3944
x0155 8881 42660 4404
x0156 7365 36220 4001
x0157 8359 39319 3682
x0158 8052 40959 4290
x0159 8056 39664 3961
x0160 7565 41518 4545
x0161 8098 38944 4318
x0162 7906 38410 4405
x0163 8823 39705 4447
x0164 8402 35568 4235
x0165 8655 40966 4994
x0166 8323 35397 4175
x0167 8487 42748 5045
x0168 9936 45432 5707
x0169 7935 39391 4355
x0170 7590 40912 4148
x0171 7683 36247 4275
x0172 8762 42222 4961
x0173 8481 43538 4597
x0174 8849 43205 4899
x0175 8211 39378 4737
x0176 8410 36891 4469
x0177 9215 42249 5489
x0178 9364 41398 5854
x0179 8007 38440 4593
x0180 8755 45425 5505
x0181 8500 42089 4689
x0182 9816 45659 5600
x0183 8514 42457 4974
x0184 7492 40328 4506
x0185 8392 40952 4941
x0186 7879 41895 5172
x0187 8497 38658 4848
x0188 8415 41442 4758
x0189 9009 45380 4951
x0190 9133 44632 5231
x0191 9163 44628 5549
x0192 7738 36464 4314
x0193 9595 43493 4882
x0194 8031 41608 4646
x0195 7651 40126 4549
x0196 8153 42063 4730
x0197 9115 45183 5387
x0198 8388 42168 5055
x0199 9188 42923 5180
x0200 8016 36890 4235
x0201 8800 46417 4468
x0202 8524 38779 5023
x0203 8558 41132 4925
x0204 8134 39975 4217
x0205 7638 37575 4242
x0206 9224 45317 5144
x0207 8417 47458 5901
x0208 8829 40422 4705
x0209 7794 39852 4035
x0210 8408 45176 5069
x0211 8216 44003 4734
x0212 7445 37671 4339
x0213 7176 35946 4156
x0214 7667 39681 4333
x0215 8513 38531 4637
x0216 8027 41547 4382
x0217 7972 38778 3971
x0218 7416 36783 4006
x0219 9182 42870 5239
x0220 8109 37055 4291
x0221 8412 40370 4846
x0222 6987 39552 4182
x0223 7986 38443 4292
x0224 8101 41689 4166
x0225 8520 44045 4388
x0226 8955 45410 4631
x0227 8066 42760 4120
x0228 8230 40575 4170
x0229 7978 42241 4727
x0230 8141 39480 4705
x0231 10189 45935 5652
x0232 5041 31412 3450
x0233 8564 41325 4396
x0234 8134 40754 4740
x0235 7567 39453 4340
x0236 8496 40756 5363
x0237 8410 39318 4598
x0238 6944 34708 4101
x0239 7364 37820 4271
x0240 7254 34722 3777
x0241 9421 45205 5752
x0242 8247 40612 5097
x0243 7171 36568 4156
x0244 7627 36688 4513
x0245 9306 42500 5147
x0246 7954 39381 4025
x0247 8695 41004 4586
x0248 7096 31713 3677
x0249 7579 36232 4705
x0250 7812 39053 3538
x0251 7341 34908 4111
x0252 8530 37916 4275
x0253 8093 39081 3866
x0254 7323 40253 4750
x0255 7461 33798 3891
x0256 6464 32037 3115
x0257 6407 32660 3419
x0258 7785 38070 3915
x0259 6521 31684 3411
x0260 6994 34007 3849
x0261 7361 38696 4029
x0262 6420 31638 3270
x0263 7163 34733 3857
x0264 7632 36655 3608
x0265 7832 38580 4309
x0266 10301 41046 4598
x0267 7240 34111 4100
x0268 6851 36758 3669
x0269 7664 38013 4409
x0270 7904 38587 4549
x0271 8133 39711 4806
x0272 7476 40177 4350
x0273 8028 40025 4597
x0274 7855 40237 4558
x0275 7029 29680 3477
x0276 6937 32933 3790
x0277 7260 37672 4209
x0278 7340 38268 4478
x0279 6824 35312 3617
x0280 6972 32700 3693
x0281 7240 38597 4249
x0282 7036 37301 4179
x0283 7873 33038 4239
x0284 8159 41341 4785
x0285 7386 37148 4294
x0286 7340 35959 3979
x0287 7722 38852 4466
x0288 8774 42409 4762
x0289 7108 32995 3557
x0290 7548 35675 4055
x0291 8293 40744 4919
x0292 7397 36428 4070
x0293 6312 32843 3916
x0294 7198 33822 3830
x0295 8913 43766 4951
x0296 7525 41127 4649
x0297 7449 36237 4209
x0298 8122 38057 4542
x0299 7283 34258 3910
x0300 6574 32212 3409
x0301 7337 36991 3567
x0302 6397 31054 3019
x0303 7018 35649 3693
x0304 7336 36026 4224
x0305 8699 41049 4208
x0306 7598 38505 3667
x0307 8016 36774 3726
x0308 8175 39428 4400
x0309 8328 38982 4050
x0310 8398 36097 4333
x0311 8534 41800 4612
x0312 8063 39427 4191
x0313 7458 35499 3708
x0314 7649 39677 4355
x0315 8340 38566 4134
x0316 8000 40282 4368
x0317 8432 38030 4578
x0318 7622 34892 4151
x0319 7451 41044 4155
x0320 7649 38270 4167
x0321 9709 42781 5140
x0322 8097 40313 4565
x0323 7764 42839 4343
x0324 7394 39875 4412
x0325 7821 41218 4589
x0326 8570 42951 5432
x0327 8308 37290 3857
x0328 9390 47256 4779
x0329 7994 42808 4476
x0330 9859 43823 5658
x0331 8634 39240 4129
x0332 8306 40799 4523
x0333 8497 39476 4353
x0334 8835 38108 4417
x0335 8245 41812 4558
x0336 7566 36076 4563
x0337 10391 49492 6183
x0338 9730 43039 5542
x0339 8509 40259 4860
x0340 7882 36742 5462
x0341 10747 45809 5925
x0342 10399 41849 6405
x0343 8815 36891 5654
x0344 11037 47476 7553
x0345 12352 49437 7589
x0346 11680 47673 7808
x0347 10178 45550 7107
x0348 10461 46478 6964
x0349 8924 38239 7122
x0350 10735 49308 7853
x0351 10234 47962 8234
x0352 10846 48665 8385
x0353 10139 45384 7667
x0354 10419 45561 8640
x0355 10767 48333 8061
x0356 11061 50109 8955
x0357 11914 48872 8592
x0358 11517 49937 9046
x0359 10387 44403 8045
x0360 11270 47356 8902
x0361 10745 46311 9374
x0362 11871 50938 9201
x0363 10843 47750 8568
x0364 10091 45668 8861
x0365 12948 54527 11131
x0366 10639 45271 9793
x0367 11147 45168 9388
x0368 11949 49175 9001
x0369 11141 49022 9215
x0370 12762 52836 9868
x0371 9918 44874 8043
x0372 11912 51085 9774
x0373 10166 48482 8880
x0374 10609 47030 8791
x0375 12192 58110 9099
x0376 11137 48078 9050
x0377 11260 51200 9171
x0378 11260 48507 8498
x0379 12216 49902 9513
x0380 10679 49319 8637
x0381 11514 49817 9169
x0382 11049 50665 8786
x0383 10089 48471 8235
x0384 11913 48585 10002
x0385 11785 52598 9153
x0386 9781 45132 7568
x0387 11340 47552 9373
x0388 11892 49015 8844
x0389 11024 50819 9033
x0390 11157 50393 8201
x0391 10811 46563 8329
x0392 12390 52310 8836
x0393 11968 51400 8642
x0394 12502 55991 8928
x0395 10563 47409 7731
x0396 9545 40983 7442
x0397 8698 40848 6734
x0398 9862 43625 7239
x0399 10624 40621 8786
x0400 11701 44315 10414
x0401 11881 47685 10185
x0402 10905 48376 9354
x0403 10380 41173 7100
x0404 10451 40794 7408
x0405 7907 37077 5419
x0406 8984 42500 6827
x0407 10948 44540 8058
x0408 10072 44631 6722
x0409 12232 49519 9125
x0410 10175 43819 7782
x0411 11699 46235 9594
x0412 9620 43191 7915
x0413 11219 47729 8948
x0414 12066 54075 8937
x0415 10873 46635 8922
x0416 10655 42509 8261
x0417 10344 41631 8056
x0418 10918 47602 8275
x0419 11632 48781 8593
x0420 12206 50535 9269
x0421 10606 49695 8334
x0422 10705 46939 8422
x0423 11663 48327 9016
x0424 10336 47366 8001
x0425 10153 39801 9042
x0426 10320 43173 8635
x0427 12469 50858 10593
x0428 10255 42801 7670
x0429 11240 46883 9405
x0430 10133 43421 8222
x0431 11561 46930 8304
x0432 10805 44925 8890
x0433 10959 42951 7515
x0434 12091 48419 9241
x0435 12769 47072 10659
x0436 12331 50017 9662
x0437 13753 51698 9627
x0438 11025 42890 7510
x0439 10097 37387 6801
x0440 11553 45626 8162
x0441 10368 42602 7061
x0442 12037 46943 7815
x0443 10596 45176 8131
x0444 11114 42997 8370
x0445 13719 53312 10390
x0446 13625 50043 9485
x0447 13574 51901 9216
x0448 10625 44505 8060
x0449 13057 52818 9203
x0450 12332 49712 8456
x0451 11322 43662 8206
x0452 11507 45060 8053
x0453 10745 44305 7785
x0454 9477 40944 7209
x0455 11229 43191 7356
x0456 10578 48306 8277
x0457 10920 47619 8256
x0458 10341 44977 8228
x0459 11556 50116 8453
x0460 10742 46631 8693
x0461 10167 42461 7750
x0462 11110 48283 9613
x0463 10338 42246 8841
x0464 10112 43690 9388
x0465 11086 47503 8939
x0466 10972 46611 8847
x0467 10412 38133 8408
x0468 11572 44199 7775
x0469 10278 40105 7247
x0470 9531 36542 7555
x0471 11551 46356 8159
x0472 9309 39898 6738
x0473 10960 45376 7210
x0474 9625 44186 7965
x0475 8504 37873 6273
x0476 11391 48216 8289
x0477 10758 44129 7948
x0478 8531 37843 6276
x0479 9960 44340 7476
x0480 10713 48207 7510
x0481 10000 41120 7876
x0482 9404 39896 6311
x0483 9140 40997 6816
x0484 8495 36826 6682
x0485 12378 52176 9366
x0486 11083 48610 8942
x0487 11569 43680 9012
x0488 11898 47300 9067
x0489 12629 46170 9466
x0490 10210 43485 7730
x0491 10504 39551 7236
x0492 10745 43901 8189
x0493 10701 45047 9232
x0494 10931 42505 7989
x0495 11589 45478 9728
x0496 11295 41269 8162
x0497 11336 44242 9042
x0498 10586 42995 8195
x0499 12116 46365 10525
x0500 13403 50031 11257
x0501 9565 36534 8186
x0502 10888 41135 8355
x0503 10302 42770 8003
x0504 10368 39761 8524
x0505 12635 46539 9461
x0506 10360 41852 7819
x0507 12644 53353 10639
x0508 9414 37998 7866
x0509 10650 44089 9522
x0510 10986 46924 9251
x0511 11990 45250 8826
x0512 10977 45699 8665
x0513 12164 50202 9644
x0514 11023 45036 8921
x0515 10376 42088 7914
x0516 10030 39339 8261
x0517 8630 34705 7068
x0518 12178 46287 8696
x0519 11078 41810 8888
x0520 9801 40478 7012
x0521 10964 42567 8950
x0522 11521 42709 9316
x0523 12025 44408 9997
x0524 11454 44269 8897
x0525 10400 44253 8893
x0526 10872 41423 8083
x0527 10693 43312 8830
x0528 10402 40540 8054
x0529 10477 39769 8750
x0530 9933 37672 8340
x0531 11458 46150 8822
x0532 10788 39274 7908
x0533 11717 46310 9134
x0534 10950 45247 8423
x0535 10553 42232 8640
x0536 10900 46063 8378
x0537 10676 40516 8148
x0538 11118 43591 8481
x0539 9927 39211 7815
x0540 10466 43146 7463
x0541 11855 41516 9110
x0542 9474 39340 7802
x0543 12432 47676 9270
x0544 10843 43197 8795
x0545 11508 42807 9231
x0546 11898 45885 9745
x0547 13151 50484 10670
x0548 12270 46123 9135
x0549 11410 41992 9433
x0550 11738 48519 9494
x0551 12311 47452 9988
x0552 11276 44210 9134
x0553 9272 40227 7117
x0554 11930 42010 9963
x0555 11070 44115 8718
x0556 12271 48231 10374
x0557 12307 46680 9648
x0558 12596 45289 10011
x0559 10295 42763 9423
x0560 10046 43901 8534
x0561 11510 43961 8790
x0562 10432 42870 9533
x0563 10662 42411 8703
x0564 12045 46012 9104
x0565 12144 45395 10357
x0566 10659 45885 8797
x0567 12675 46832 9871
x0568 10124 38820 8686
x0569 9945 36485 8848
x0570 11682 44078 9220
x0571 10412 42107 8207
x0572 11027 43496 8667
x0573 12796 45775 10435
x0574 12266 47535 9577
x0575 11952 43469 10282
x0576 10518 39941 7852
x0577 10552 44259 9092
x0578 11639 48299 9068
x0579 11838 44570 9295
x0580 9735 41353 7908
x0581 9772 41724 8535
x0582 10891 38730 9719
x0583 13482 50077 10361
x0584 11019 40067 9989
x0585 11952 40945 10293
x0586 10043 40192 8418
x0587 9824 43577 8375
x0588 9576 38731 7638
x0589 10073 41748 9604
x0590 10744 42857 9234
x0591 10342 48075 9479
x0592 10927 41668 8830
x0593 8849 38816 7946
x0594 10451 39694 8166
x0595 10384 41164 8137
x0596 9827 38267 6521
x0597 8879 39887 6845
x0598 10554 41720 8452
x0599 9553 40554 7523
x0600 10077 40735 7841
x0601 8765 41316 6535
x0602 9524 40594 6835
x0603 9068 38668 6549
x0604 9885 43757 7433
x0605 9296 41602 6393
x0606 10343 45147 7700
x0607 8047 35711 5697
x0608 10883 49431 8692
x0609 10088 42928 7710
x0610 10161 41545 6947
x0611 9340 35297 6723
x0612 8090 36942 6328
x0613 8289 36852 6862
x0614 9151 34857 7995
x0615 9368 41852 7433
x0616 8368 41845 7078
x0617 10072 47578 7330
x0618 8025 38282 6668
x0619 9568 44925 7635
x0620 9763 40778 7770
x0621 9088 41343 6860
x0622 9421 45238 7469
x0623 9331 41523 7457
x0624 8779 39427 7072
x0625 8760 45779 7589
x0626 8702 41801 7127
x0627 9949 47527 7504
x0628 9372 45699 7410
x0629 9332 44294 7449
x0630 10212 49101 8583
x0631 8371 42414 7526
x0632 8934 44744 7397
x0633 8886 43593 7899
x0634 8841 43408 7436
x0635 8117 41232 7267
x0636 9389 48303 7288
x0637 9429 46247 7870
x0638 9898 46177 8186
x0639 10854 47302 9740
x0640 9244 44708 7824
x0641 9967 48227 8236
x0642 10043 49445 8777
x0643 8953 42713 7330
x0644 8913 44182 7283
x0645 9123 43441 7467
x0646 8960 44937 7178
x0647 8529 41230 6857
x0648 9095 45252 7429
x0649 9572 43763 7043
x0650 8308 42382 7280
x0651 8696 42369 7246
x0652 9501 47693 7426
x0653 8211 43486 6956
x0654 8276 44280 6784
x0655 9277 45585 6914
x0656 9439 45796 7246
x0657 9936 48149 7981
x0658 8172 39736 6377
x0659 8749 40902 6965
x0660 8481 44239 6965
x0661 10480 47809 7777
x0662 9936 47571 7834
x0663 10690 48151 8687
x0664 10084 44003 7689
x0665 8369 44470 6501
x0666 9925 51093 7988
x0667 8224 37543 6883
x0668 8640 38944 6372
x0669 9922 45324 8300
x0670 9116 42800 7080
x0671 10142 46311 7093
x0672 10585 48155 7690
x0673 8720 40251 7309
x0674 10124 50616 8266
x0675 9904 48892 7999
x0676 10395 49290 7843
x0677 9573 45414 7494
x0678 10523 47821 7722
x0679 10004 45638 7548
x0680 9314 44573 6491
x0681 9535 42742 7408
x0682 10563 44508 7764
x0683 9470 43712 8243
x0684 9157 43643 7231
x0685 10575 50520 7911
x0686 11775 58561 8667
x0687 8208 45235 6935
x0688 9372 45839 6565
x0689 10189 49338 7634
x0690 9470 43643 7265
x0691 10428 48975 7392
x0692 10766 52513 7597
x0693 10441 51925 7759
x0694 11704 51360 8189
x0695 9879 42973 7526
x0696 9893 45250 6985
x0697 11215 48643 8407
x0698 9239 43093 7008
x0699 11761 51904 9106
x0700 10231 47736 7736
x0701 10386 47137 7818
x0702 11372 53427 9121
x0703 10163 41880 7988
x0704 10722 48328 8111
x0705 9011 48684 6925
x0706 9946 51463 8716
x0707 8981 47644 7636
x0708 10427 50954 7625
x0709 11326 49055 7884
x0710 10624 51785 8091
x0711 10409 48395 7626
x0712 10568 53159 9044
x0713 9621 43587 7518
x0714 11191 53532 8430
x0715 9598 45756 6774
x0716 10915 49729 7991
x0717 11017 56821 8407
x0718 10530 51356 8239
x0719 12160 51733 8878
x0720 11585 52937 9014
x0721 9296 46412 7127
x0722 9990 48781 7659
x0723 8849 42964 6498
x0724 11143 52816 8431
x0725 9476 46690 7737
x0726 11152 49218 8265
x0727 8411 40876 6658
x0728 10505 47395 7803
x0729 9617 43754 6660
x0730 10314 44491 7323
x0731 9216 41649 6426
x0732 10499 51206 7673
x0733 9794 48948 7688
x0734 9646 48193 7864
x0735 10716 50980 9180
x0736 10484 50767 8127
x0737 10159 49994 8853
x0738 10725 47080 8261
x0739 10217 50327 8091
x0740 9229 46425 7536
x0741 10979 55229 8870
x0742 10007 46940 8756
x0743 9380 45805 7296
x0744 10019 47196 7765
x0745 11617 54690 9159
x0746 9303 46892 7351
x0747 9981 49363 8184
x0748 9112 42276 6582
x0749 8431 42820 7402
x0750 8955 40682 7316
x0751 8897 41284 6435
x0752 10672 46499 8532
x0753 10010 45401 7424
x0754 8769 39085 7424
x0755 9173 42372 7451
x0756 8578 41886 7166
x0757 11503 51369 9138
x0758 10792 54098 8646
x0759 9899 45865 8856
x0760 10866 46973 8227
x0761 11035 45823 8483
x0762 9055 42828 6770
x0763 9716 44165 7544
x0764 10196 41206 7594
x0765 11044 46849 8537
x0766 10807 48329 8760
x0767 12071 48984 8323
x0768 10561 40822 7613
x0769 9819 38293 6834
x0770 9303 38049 6933
x0771 11557 45681 7382
x0772 9478 39943 6524
x0773 10954 40485 7214
x0774 11069 49284 7912
x0775 11003 41933 7790
x0776 11924 46718 8153
x0777 10877 47092 7734
x0778 10170 42710 7151
x0779 9352 41445 6833
x0780 11025 42213 7488
x0781 10867 46740 7734
x0782 8762 42668 6540
x0783 11197 44457 8249
x0784 8804 41556 6256
x0785 12583 51517 8671
x0786 10093 41859 7388
x0787 9875 47350 7395
x0788 10038 44864 7579
x0789 10028 48178 7860
x0790 9788 43474 7116
x0791 9946 45164 7018
x0792 10236 46595 7072
x0793 11217 47168 8410
x0794 11432 42665 7328
x0795 11739 46407 7195
x0796 11901 51158 8572
x0797 12510 49186 8804
x0798 12001 46951 7114
x0799 10582 43151 6645
x0800 9945 46291 6954
x0801 11526 50783 8567
x0802 10022 45402 7057
x0803 10559 39609 8143
x0804 10919 44233 8394
x0805 11645 41762 8018
x0806 10124 40800 7387
x0807 9806 43870 7749
x0808 11407 46913 8841
x0809 10406 48133 7891
x0810 11818 51658 8914
x0811 10964 43694 8177
x0812 10185 40179 7947
x0813 8676 38365 6260
x0814 9903 45509 8134
x0815 10987 49991 7287
x0816 11203 50275 7900
x0817 10898 48251 8012
x0818 9792 42953 7286
x0819 10153 43733 7189
x0820 9747 40427 6779
x0821 10622 46527 7471
x0822 10905 46906 7530
x0823 11514 44024 6943
x0824 10694 44302 7485
x0825 10273 46270 7360
x0826 10598 46253 7769
x0827 10907 49812 7916
x0828 11113 49071 7712
x0829 12168 53373 7995
x0830 8849 46004 7275
x0831 9515 47389 7716
x0832 10237 50954 7074
x0833 9633 42533 6145
x0834 9665 42466 6180
x0835 10454 42890 6341
x0836 11087 49934 7244
x0837 9279 43375 7031
x0838 11006 46407 7567
x0839 9503 47069 7689
x0840 9845 50757 7294
x0841 9564 47829 7587
x0842 12434 50565 9011
x0843 12433 47958 8244
x0844 11851 45684 7085
x0845 11241 44051 7189
x0846 10942 46019 8380
x0847 9664 38782 6169
x0848 10712 47233 6675
x0849 11152 49300 7444
x0850 11536 46477 8782
x0851 10475 47923 8032
x0852 10741 46325 7914
x0853 10983 44571 8707
x0854 11658 46282 8126
x0855 10332 46362 8286
x0856 8805 37579 6917
x0857 11496 54067 8742
x0858 11905 48407 8323
x0859 10145 43797 8186
x0860 10349 46790 6764
x0861 9663 42495 7182
x0862 11715 49803 8233
x0863 11334 45878 8129
x0864 10340 39437 7176
x0865 12532 49875 8846
x0866 9555 44722 7148
x0867 9525 42201 6585
x0868 10714 46030 8597
x0869 11673 51216 7987
x0870 10617 45430 7856
x0871 11826 51206 8221
x0872 10150 52242 7733
x0873 10226 45721 6888
x0874 11065 47378 8352
x0875 11087 48774 6934
x0876 12331 54256 9268
x0877 11169 50206 8750
x0878 11936 51734 8720
x0879 10541 45862 6787
x0880 11487 51696 8448
x0881 10907 49515 8213
x0882 10540 44914 7027
x0883 11974 50813 8089
x0884 10340 45503 8060
x0885 11607 51321 8325
x0886 10554 42492 6985
x0887 10753 49230 8282
x0888 10485 52012 7628
x0889 12280 50748 8225
x0890 10237 41797 7306
x0891 11539 52281 7811
x0892 11387 55252 8052
x0893 10823 48203 7404
x0894 11850 55460 8545
x0895 11748 51862 8021
x0896 9226 43876 7276
x0897 11817 51944 8629
x0898 10876 50750 7380
x0899 10186 45743 6906
x0900 12787 53743 8936
x0901 11509 51198 8546
x0902 11774 52706 8291
x0903 10482 43947 7347
x0904 10720 46434 7466
x0905 12539 54484 8443
x0906 12178 49342 8605
x0907 10598 48727 7470
x0908 11380 45932 7308
x0909 13014 54893 8729
x0910 13108 57408 8885
x0911 11112 47281 7673
x0912 11189 47894 8445
x0913 12961 52628 7947
x0914 11283 48536 8077
x0915 12675 51959 8902
x0916 11049 47645 8101
x0917 13760 59631 9637
x0918 10543 47532 7628
x0919 11493 50028 7485
x0920 10357 44961 7517
x0921 11169 49599 7128
x0922 10818 49776 7302
x0923 11539 52318 8153
x0924 10934 48749 7845
x0925 13165 50796 9192
x0926 9936 42759 6645
x0927 10425 48939 8164
x0928 11071 49532 8032
x0929 9038 47354 7154
x0930 12238 52299 7853
x0931 11854 51652 8125
x0932 12946 53240 9280
x0933 11488 51169 8596
x0934 12256 53308 8741
x0935 11406 49368 7122
x0936 9993 47162 7106
x0937 11662 50569 7894
x0938 10462 49134 7565
x0939 13172 59241 9397
x0940 11946 57331 8144
x0941 11169 51198 7758
x0942 12502 51281 8607
x0943 11597 51523 7380
x0944 12604 56916 8295
x0945 11091 52229 7933
x0946 10851 50459 7696
x0947 10062 49260 6744
x0948 11672 57329 8420
x0949 9743 47812 7065
x0950 10812 50660 8279
x0951 12132 53371 8417
x0952 12700 54965 8580
x0953 10180 46850 7950
x0954 13248 56366 9787
x0955 11759 50697 8420
x0956 11871 49759 8121
x0957 13054 51733 9518
x0958 11578 46897 7955
x0959 11209 47707 8245
x0960 10565 48272 7593
x0961 10933 50704 8488
x0962 11997 53415 8508
x0963 13804 54624 9387
x0964 11926 51212 8493
x0965 11932 51147 8931
x0966 12400 49431 8294
x0967 11406 45071 7426
x0968 13265 55349 8807
x0969 12992 57758 9450
x0970 12258 49208 8285
x0971 12262 50267 8347
x0972 12355 48991 8405
x0973 10725 49084 8456
x0974 11097 47852 7481
x0975 10769 45484 8008
x0976 10980 49548 7368
x0977 11765 52140 9248
x0978 9526 42391 6736
x0979 10227 43735 7463
x0980 10044 43172 7859
x0981 11335 43562 8293
x0982 10959 44004 8583
x0983 12209 55344 9475
x0984 12051 55656 9714
x0985 12273 55080 8892
x0986 10983 50285 8110
x0987 11639 49382 8730
x0988 11063 47476 8256
x0989 11307 48595 8363
x0990 11806 48252 8577
x0991 9638 44360 7427
x0992 8621 37805 6224
x0993 9266 39129 6551
x0994 9428 42816 6752
x0995 9670 39391 7219
x0996 11129 47040 8261
x0997 12094 47644 9268
x0998 11573 45997 8860
x0999 10745 42208 8823
x1000 10575 43240 8313
