x0000 1 5 0
x0001 6 47 2
x0002 13 74 4
x0003 18 112 6
x0004 18 97 5
x0005 19 99 2
x0006 17 116 3
x0007 10 106 4
x0008 12 121 3
x0009 15 117 4
x0010 16 119 1
x0011 17 130 6
x0012 18 132 3
x0013 14 135 4
x0014 19 164 7
x0015 18 132 3
x0016 19 146 6
x0017 19 147 5
x0018 14 135 4
x0019 18 132 3
x0020 19 163 8
x0021 18 132 3
x0022 20 165 5
x0023 20 165 5
x0024 24 161 5
x0025 20 162 8
x0026 22 162 6
x0027 13 134 6
x0028 21 160 9
x0029 22 141 8
x0030 22 160 8
x0031 14 149 8
x0032 24 175 11
x0033 21 160 9
x0034 24 175 11
x0035 21 141 9
x0036 21 160 9
x0037 23 195 13
x0038 43 252 30
x0039 29 198 26
x0040 53 225 22
x0041 37 180 14
x0042 42 198 13
x0043 47 218 11
x0044 43 222 11
x0045 47 239 14
x0046 73 304 29
x0047 73 304 29
x0048 74 304 28
x0049 64 264 23
x0050 62 291 25
x0051 73 304 29
x0052 52 295 31
x0053 50 297 31
x0054 47 248 30
x0055 88 336 41
x0056 45 238 17
x0057 62 291 25
x0058 47 279 25
x0059 43 279 29
x0060 61 288 29
x0061 76 323 36
x0062 53 273 25
x0063 65 310 31
x0064 82 322 31
x0065 68 325 42
x0066 65 310 31
x0067 82 322 31
x0068 85 337 43
x0069 70 280 28
x0070 59 292 27
x0071 65 310 31
x0072 82 322 31
x0073 69 281 28
x0074 67 288 23
x0075 66 313 27
x0076 88 351 57
x0077 77 353 66
x0078 68 362 66
x0079 77 407 77
x0080 72 397 59
x0081 83 398 80
x0082 78 397 86
x0083 76 411 74
x0084 81 411 69
x0085 74 416 71
x0086 83 432 80
x0087 62 379 87
x0088 88 474 104
x0089 76 411 74
x0090 86 381 61
x0091 85 429 81
x0092 90 426 79
x0093 77 361 58
x0094 64 399 65
x0095 83 432 80
x0096 65 368 63
x0097 85 452 93
x0098 77 433 85
x0099 56 381 59
x0100 80 457 93
x0101 90 502 111
x0102 87 470 109
x0103 63 447 85
x0104 87 479 100
x0105 62 440 93
x0106 70 414 77
x0107 90 502 111
x0108 70 406 85
x0109 86 484 96
x0110 89 470 107
x0111 87 479 100
x0112 85 421 89
x0113 78 426 91
x0114 75 395 91
x0115 78 426 91
x0116 79 389 93
x0117 78 426 91
x0118 86 410 99
x0119 75 405 81
x0120 63 414 84
x0121 63 414 84
x0122 69 429 97
x0123 99 455 112
x0124 82 419 94
x0125 98 425 107
x0126 97 428 105
x0127 69 411 81
x0128 54 347 64
x0129 79 398 84
x0130 91 433 106
x0131 81 447 102
x0132 82 443 105
x0133 66 393 69
x0134 98 492 113
x0135 82 443 105
x0136 91 435 104
x0137 72 398 91
x0138 98 425 107
x0139 82 443 105
x0140 79 422 94
x0141 70 439 86
x0142 95 434 101
x0143 95 438 97
x0144 85 421 89
x0145 72 430 93
x0146 72 430 93
x0147 82 420 93
x0148 72 430 93
x0149 88 442 100
x0150 85 421 89
x0151 73 457 100
x0152 90 502 111
x0153 78 447 105
x0154 82 386 93
x0155 85 421 89
x0156 72 430 93
x0157 84 422 89
x0158 81 447 102
x0159 72 430 93
x0160 84 422 89
x0161 72 430 93
x0162 72 430 93
x0163 88 442 100
x0164 88 442 100
x0165 98 459 109
x0166 72 430 93
x0167 88 442 100
x0168 99 455 112
x0169 78 415 102
x0170 70 409 82
x0171 88 442 100
x0172 90 426 114
x0173 90 426 114
x0174 84 426 85
x0175 85 421 89
x0176 85 421 89
x0177 88 442 100
x0178 78 426 91
x0179 85 411 99
x0180 88 442 100
x0181 88 442 100
x0182 88 442 100
x0183 85 421 89
x0184 85 411 99
x0185 110 472 121
x0186 88 442 100
x0187 98 459 109
x0188 85 414 96
x0189 99 455 112
x0190 88 407 100
x0191 81 447 102
x0192 68 400 93
x0193 83 372 106
x0194 88 442 100
x0195 99 455 112
x0196 88 474 104
x0197 88 474 104
x0198 85 422 88
x0199 88 442 100
x0200 93 459 114
x0201 93 459 114
x0202 81 447 102
x0203 90 439 101
x0204 72 430 93
x0205 72 430 93
x0206 100 419 111
x0207 96 400 99
x0208 97 456 113
x0209 104 436 126
x0210 100 404 126
x0211 111 447 108
x0212 99 420 111
x0213 99 420 111
x0214 101 430 99
x0215 81 391 89
x0216 85 421 89
x0217 88 439 103
x0218 101 416 113
x0219 83 380 98
x0220 98 459 109
x0221 99 455 112
x0222 74 395 92
x0223 96 400 99
x0224 88 442 100
x0225 104 451 111
x0226 99 420 111
x0227 96 400 99
x0228 98 400 97
x0229 83 409 103
x0230 94 427 109
x0231 109 398 123
x0232 95 400 100
x0233 79 389 93
x0234 99 420 111
x0235 111 444 111
x0236 74 393 94
x0237 120 460 123
x0238 100 430 100
x0239 120 460 123
x0240 115 429 122
x0241 114 429 123
x0242 125 445 133
x0243 131 438 134
x0244 121 460 122
x0245 122 457 124
x0246 113 427 126
x0247 115 429 122
x0248 145 447 149
x0249 95 431 104
x0250 115 427 124
x0251 169 487 164
x0252 155 463 162
x0253 132 401 133
x0254 179 504 178
x0255 152 443 146
x0256 120 436 110
x0257 138 469 134
x0258 84 411 100
x0259 138 469 134
x0260 120 457 126
x0261 140 432 131
x0262 125 439 139
x0263 171 450 199
x0264 104 448 114
x0265 128 416 122
x0266 121 460 122
x0267 138 469 134
x0268 131 477 133
x0269 108 423 99
x0270 113 441 112
x0271 122 457 124
x0272 94 411 90
x0273 106 414 110
x0274 115 429 122
x0275 118 439 109
x0276 121 460 122
x0277 122 457 124
x0278 121 460 122
x0279 121 460 122
x0280 98 399 98
x0281 105 445 116
x0282 114 406 110
x0283 135 448 120
x0284 103 427 100
x0285 121 423 122
x0286 129 417 120
x0287 92 425 113
x0288 153 478 149
x0289 124 471 146
x0290 142 497 141
x0291 88 425 117
x0292 118 457 128
x0293 102 480 121
x0294 99 420 111
x0295 124 488 129
x0296 117 467 119
x0297 106 479 118
x0298 93 440 97
x0299 154 449 138
x0300 173 477 170
x0301 165 482 173
x0302 113 425 128
x0303 172 478 170
x0304 200 500 203
x0305 200 500 203
x0306 200 500 203
x0307 193 462 206
x0308 181 491 189
x0309 217 512 217
x0310 228 543 219
x0311 189 475 197
x0312 192 521 190
x0313 225 521 200
x0314 175 461 184
x0315 216 512 218
x0316 200 506 197
x0317 178 436 166
x0318 166 433 181
x0319 174 464 182
x0320 187 452 181
x0321 196 507 200
x0322 211 500 235
x0323 176 468 176
x0324 191 525 187
x0325 171 460 189
x0326 163 431 186
x0327 169 441 170
x0328 195 465 201
x0329 184 448 188
x0330 192 487 224
x0331 195 486 222
x0332 185 453 223
x0333 189 469 203
x0334 193 483 227
x0335 168 431 221
x0336 194 476 191
x0337 163 433 184
x0338 190 455 216
x0339 130 364 136
x0340 153 356 194
x0341 181 443 196
x0342 177 443 200
x0343 172 413 195
x0344 187 453 180
x0345 171 411 198
x0346 147 389 167
x0347 156 404 181
x0348 178 403 199
x0349 166 397 217
x0350 172 413 195
x0351 167 394 180
x0352 187 420 213
x0353 184 457 220
x0354 163 382 158
x0355 155 404 182
x0356 147 409 185
x0357 181 406 233
x0358 139 365 162
x0359 155 404 182
x0360 189 473 199
x0361 171 464 185
x0362 175 398 207
x0363 135 343 152
x0364 171 411 198
x0365 180 442 198
x0366 177 459 184
x0367 148 424 169
x0368 148 424 169
x0369 155 452 173
x0370 155 452 173
x0371 160 447 173
x0372 168 420 192
x0373 173 548 182
x0374 179 503 179
x0375 191 558 197
x0376 201 576 213
x0377 173 507 181
x0378 177 533 193
x0379 172 515 174
x0380 177 533 193
x0381 172 476 172
x0382 177 533 193
x0383 162 534 165
x0384 196 557 193
x0385 184 526 193
x0386 188 486 187
x0387 178 547 178
x0388 178 507 176
x0389 183 566 197
x0390 183 566 197
x0391 177 517 167
x0392 169 500 192
x0393 183 566 197
x0394 174 507 180
x0395 179 539 185
x0396 183 566 197
x0397 177 533 193
x0398 177 533 193
x0399 178 547 178
x0400 168 490 162
x0401 168 529 164
x0402 184 563 199
x0403 172 515 174
x0404 186 539 178
x0405 178 547 178
x0406 180 493 188
x0407 183 566 197
x0408 172 476 172
x0409 164 483 173
x0410 206 526 214
x0411 232 600 249
x0412 227 581 227
x0413 212 591 232
x0414 212 591 232
x0415 212 516 218
x0416 216 545 229
x0417 236 595 250
x0418 253 609 266
x0419 236 595 250
x0420 219 518 209
x0421 228 571 236
x0422 226 580 229
x0423 264 628 284
x0424 233 561 241
x0425 227 562 246
x0426 203 552 191
x0427 252 613 263
x0428 226 580 229
x0429 219 539 232
x0430 252 613 263
x0431 234 570 231
x0432 242 594 245
x0433 243 591 247
x0434 242 594 245
x0435 248 583 250
x0436 216 527 203
x0437 216 545 229
x0438 242 594 245
x0439 231 561 243
x0440 235 599 247
x0441 223 550 217
x0442 253 609 266
x0443 235 599 247
x0444 242 594 245
x0445 235 599 247
x0446 214 531 201
x0447 189 486 186
x0448 221 523 202
x0449 242 554 239
x0450 245 589 247
x0451 242 594 245
x0452 221 523 202
x0453 243 551 241
x0454 216 486 201
x0455 223 508 215
x0456 253 609 266
x0457 227 577 231
x0458 243 591 247
x0459 264 628 284
x0460 243 591 247
x0461 243 591 247
x0462 237 567 231
x0463 227 538 225
x0464 239 561 235
x0465 246 573 262
x0466 241 595 245
x0467 231 561 243
x0468 222 537 231
x0469 239 590 252
x0470 230 557 248
x0471 237 567 231
x0472 222 520 204
x0473 243 591 247
x0474 242 523 225
x0475 234 538 218
x0476 237 561 237
x0477 244 634 250
x0478 247 619 262
x0479 236 595 250
x0480 241 560 234
x0481 258 672 295
x0482 226 542 222
x0483 241 594 246
x0484 234 578 223
x0485 243 551 241
x0486 209 530 207
x0487 255 609 264
x0488 238 596 247
x0489 239 596 246
x0490 239 596 246
x0491 265 626 285
x0492 248 613 267
x0493 249 594 238
x0494 232 543 215
x0495 260 608 260
x0496 245 589 247
x0497 239 596 246
x0498 227 538 225
x0499 230 569 236
x0500 217 507 222
x0501 253 574 254
x0502 248 626 254
x0503 253 613 262
x0504 258 631 287
x0505 252 626 250
x0506 264 639 273
x0507 248 626 254
x0508 267 661 297
x0509 285 674 316
x0510 285 674 316
x0511 273 639 313
x0512 285 674 316
x0513 285 674 316
x0514 285 674 316
x0515 285 674 316
x0516 285 674 316
x0517 285 674 316
x0518 285 674 316
x0519 285 674 316
x0520 285 674 316
x0521 285 674 316
x0522 285 674 316
x0523 285 674 316
x0524 285 674 316
x0525 285 674 316
x0526 285 674 316
x0527 285 674 316
x0528 273 644 308
x0529 285 674 316
x0530 285 674 316
x0531 285 674 316
x0532 285 674 316
x0533 273 644 308
x0534 285 674 316
x0535 273 644 308
x0536 285 674 316
x0537 274 656 295
x0538 285 674 316
x0539 285 674 316
x0540 273 639 313
x0541 285 674 316
x0542 285 674 316
x0543 285 674 316
x0544 285 674 316
x0545 285 674 316
x0546 285 674 316
x0547 269 610 297
x0548 285 674 316
x0549 285 674 316
x0550 285 674 316
x0551 267 663 295
x0552 285 674 316
x0553 285 674 316
x0554 285 674 316
x0555 273 639 313
x0556 273 639 313
x0557 285 674 316
x0558 274 637 314
x0559 285 674 316
x0560 285 674 316
x0561 285 674 316
x0562 285 674 316
x0563 285 674 316
x0564 285 674 316
x0565 285 674 316
x0566 285 674 316
x0567 281 644 300
x0568 285 674 316
x0569 285 674 316
x0570 268 660 297
x0571 274 637 314
x0572 285 674 316
x0573 273 639 313
x0574 285 674 316
x0575 269 610 297
x0576 281 644 300
x0577 285 674 316
x0578 285 674 316
x0579 285 674 316
x0580 285 674 316
x0581 285 674 316
x0582 285 674 316
x0583 273 639 313
x0584 285 674 316
x0585 285 674 316
x0586 285 674 316
x0587 285 674 316
x0588 285 674 316
x0589 273 639 313
x0590 285 674 316
x0591 285 674 316
x0592 285 674 316
x0593 285 674 316
x0594 285 674 316
x0595 285 674 316
x0596 285 674 316
x0597 285 674 316
x0598 285 674 316
x0599 281 644 300
x0600 273 639 313
x0601 285 674 316
x0602 285 674 316
x0603 281 644 300
x0604 285 674 316
x0605 285 674 316
x0606 285 674 316
x0607 285 674 316
x0608 285 674 316
x0609 281 644 300
x0610 285 674 316
x0611 285 674 316
x0612 285 674 316
x0613 285 674 316
x0614 285 674 316
x0615 285 674 316
x0616 285 674 316
x0617 276 638 311
x0618 285 674 316
x0619 285 674 316
x0620 285 674 316
x0621 281 644 300
x0622 285 674 316
x0623 285 674 316
x0624 285 674 316
x0625 285 674 316
x0626 285 674 316
x0627 285 674 316
x0628 281 644 300
x0629 273 639 313
x0630 285 674 316
x0631 285 674 316
x0632 285 674 316
x0633 281 644 300
x0634 285 674 316
x0635 285 674 316
x0636 285 674 316
x0637 285 674 316
x0638 285 674 316
x0639 285 674 316
x0640 285 674 316
x0641 281 644 300
x0642 285 674 316
x0643 285 674 316
x0644 274 656 295
x0645 274 637 314
x0646 285 674 316
x0647 285 674 316
x0648 285 674 316
x0649 285 674 316
x0650 285 674 316
x0651 285 674 316
x0652 274 637 314
x0653 285 674 316
x0654 285 674 316
x0655 285 674 316
x0656 285 674 316
x0657 285 674 316
x0658 285 674 316
x0659 273 639 313
x0660 285 674 316
x0661 285 674 316
x0662 285 674 316
x0663 285 674 316
x0664 285 674 316
x0665 285 674 316
x0666 285 674 316
x0667 285 674 316
x0668 285 674 316
x0669 285 674 316
x0670 285 674 316
x0671 285 674 316
x0672 285 674 316
x0673 285 674 316
x0674 285 674 316
x0675 285 674 316
x0676 285 674 316
x0677 285 674 316
x0678 285 674 316
x0679 285 674 316
x0680 285 674 316
x0681 285 674 316
x0682 285 674 316
x0683 285 674 316
x0684 285 674 316
x0685 285 674 316
x0686 285 674 316
x0687 285 674 316
x0688 273 640 312
x0689 285 674 316
x0690 285 674 316
x0691 285 674 316
x0692 274 656 295
x0693 285 674 316
x0694 285 674 316
x0695 285 674 316
x0696 285 674 316
x0697 285 674 316
x0698 281 644 300
x0699 285 674 316
x0700 285 674 316
x0701 285 674 316
x0702 285 674 316
x0703 285 674 316
x0704 285 674 316
x0705 285 674 316
x0706 285 674 316
x0707 285 674 316
x0708 285 674 316
x0709 285 674 316
x0710 285 674 316
x0711 285 674 316
x0712 285 674 316
x0713 285 674 316
x0714 285 674 316
x0715 285 674 316
x0716 267 663 295
x0717 273 639 313
x0718 285 674 316
x0719 285 674 316
x0720 285 674 316
x0721 285 674 316
x0722 285 674 316
x0723 285 674 316
x0724 269 610 297
x0725 285 674 316
x0726 285 674 316
x0727 285 674 316
x0728 285 674 316
x0729 285 674 316
x0730 285 674 316
x0731 285 674 316
x0732 285 674 316
x0733 285 674 316
x0734 281 644 300
x0735 281 644 300
x0736 285 674 316
x0737 285 674 316
x0738 285 674 316
x0739 285 674 316
x0740 285 674 316
x0741 285 674 316
x0742 285 674 316
x0743 285 674 316
x0744 285 674 316
x0745 273 644 308
x0746 274 646 305
x0747 273 639 313
x0748 274 646 305
x0749 285 674 316
x0750 285 674 316
x0751 285 674 316
x0752 273 644 308
x0753 285 674 316
x0754 285 674 316
x0755 285 674 316
x0756 285 716 325
x0757 285 716 325
x0758 285 716 325
x0759 285 674 316
x0760 285 674 316
x0761 285 716 325
x0762 285 674 316
x0763 285 716 325
x0764 285 674 316
x0765 285 674 316
x0766 285 674 316
x0767 285 674 316
x0768 285 716 325
x0769 285 674 316
x0770 285 716 325
x0771 285 716 325
x0772 285 716 325
x0773 285 716 325
x0774 285 716 325
x0775 285 716 325
x0776 273 678 324
x0777 285 674 316
x0778 285 674 316
x0779 285 674 316
x0780 285 716 325
x0781 285 674 316
x0782 285 674 316
x0783 285 674 316
x0784 285 674 316
x0785 285 674 316
x0786 285 674 316
x0787 285 674 316
x0788 285 674 316
x0789 285 674 316
x0790 285 674 316
x0791 285 674 316
x0792 285 674 316
x0793 285 674 316
x0794 285 674 316
x0795 285 716 325
x0796 285 716 325
x0797 285 674 316
x0798 285 674 316
x0799 285 674 316
x0800 285 716 325
x0801 285 674 316
x0802 285 674 316
x0803 285 674 316
x0804 285 716 325
x0805 285 674 316
x0806 285 674 316
x0807 285 674 316
x0808 285 674 316
x0809 285 674 316
x0810 285 674 316
x0811 285 674 316
x0812 285 674 316
x0813 285 674 316
x0814 285 674 316
x0815 285 674 316
x0816 285 674 316
x0817 285 674 316
x0818 285 674 316
x0819 285 674 316
x0820 285 674 316
x0821 285 674 316
x0822 285 674 316
x0823 285 674 316
x0824 285 674 316
x0825 246 651 279
x0826 246 651 279
x0827 246 651 279
x0828 264 663 298
x0829 264 663 298
x0830 264 663 298
x0831 264 663 298
x0832 264 663 298
x0833 264 704 307
x0834 244 652 280
x0835 246 651 279
x0836 264 663 298
x0837 264 663 298
x0838 264 663 298
x0839 264 663 298
x0840 253 627 296
x0841 253 627 296
x0842 264 663 298
x0843 264 663 298
x0844 264 663 298
x0845 246 651 279
x0846 264 704 307
x0847 264 663 298
x0848 236 655 285
x0849 253 667 305
x0850 264 663 298
x0851 264 663 298
x0852 217 604 260
x0853 209 567 259
x0854 245 652 279
x0855 253 627 296
x0856 264 704 307
x0857 227 578 276
x0858 237 653 286
x0859 246 651 279
x0860 246 691 288
x0861 264 704 307
x0862 246 691 288
x0863 264 704 307
x0864 226 679 271
x0865 226 679 271
x0866 264 704 307
x0867 246 651 279
x0868 235 625 268
x0869 253 626 297
x0870 246 651 279
x0871 246 651 279
x0872 246 651 279
x0873 226 640 262
x0874 215 615 251
x0875 226 640 262
x0876 226 640 262
x0877 226 640 262
x0878 226 640 262
x0879 226 640 262
x0880 226 640 262
x0881 226 640 262
x0882 215 615 251
x0883 208 569 258
x0884 217 610 254
x0885 226 640 262
x0886 226 640 262
x0887 226 640 262
x0888 226 640 262
x0889 221 554 260
x0890 206 578 251
x0891 226 640 262
x0892 226 640 262
x0893 226 640 262
x0894 226 640 262
x0895 226 640 262
x0896 233 615 280
x0897 226 640 262
x0898 226 640 262
x0899 226 640 262
x0900 226 640 262
x0901 202 534 254
x0902 226 640 262
x0903 226 640 262
x0904 226 640 262
x0905 226 640 262
x0906 264 663 298
x0907 226 640 262
x0908 245 652 279
x0909 246 651 279
x0910 246 651 279
x0911 246 651 279
x0912 227 640 261
x0913 246 651 279
x0914 264 663 298
x0915 220 607 254
x0916 246 651 279
x0917 246 651 279
x0918 246 651 279
x0919 238 614 276
x0920 226 640 262
x0921 226 640 262
x0922 226 640 262
x0923 246 651 279
x0924 246 651 279
x0925 246 651 279
x0926 246 651 279
x0927 246 651 279
x0928 226 640 262
x0929 246 651 279
x0930 246 651 279
x0931 246 651 279
x0932 246 651 279
x0933 246 651 279
x0934 246 651 279
x0935 246 651 279
x0936 246 651 279
x0937 246 651 279
x0938 246 651 279
x0939 246 651 279
x0940 246 651 279
x0941 246 651 279
x0942 246 651 279
x0943 198 605 232
x0944 264 663 298
x0945 234 637 257
x0946 285 674 316
x0947 264 663 298
x0948 264 663 298
x0949 217 602 262
x0950 238 625 265
x0951 264 663 298
x0952 242 599 287
x0953 264 663 298
x0954 264 663 298
x0955 264 663 298
x0956 253 636 287
x0957 274 646 305
x0958 285 674 316
x0959 233 626 269
x0960 285 674 316
x0961 285 674 316
x0962 264 663 298
x0963 246 651 279
x0964 242 623 263
x0965 226 640 262
x0966 264 663 298
x0967 246 651 279
x0968 264 663 298
x0969 236 613 279
x0970 246 651 279
x0971 246 651 279
x0972 246 651 279
x0973 246 651 279
x0974 246 651 279
x0975 264 663 298
x0976 246 651 279
x0977 264 663 298
x0978 229 596 256
x0979 253 636 287
x0980 216 615 250
x0981 225 591 265
x0982 235 625 268
x0983 235 625 268
x0984 246 651 279
x0985 235 664 277
x0986 253 636 287
x0987 274 646 305
x0988 236 664 276
x0989 236 593 252
x0990 196 518 232
x0991 230 601 250
x0992 222 570 243
x0993 215 570 250
x0994 237 614 277
x0995 245 601 282
x0996 238 623 267
x0997 235 625 268
x0998 227 599 255
x0999 214 555 221
x1000 208 593 234
