x0000 13690 34732 3581
x0001 8784 15722 2522
x0002 8893 15731 2404
x0003 8195 15498 2413
x0004 5377 11449 1702
x0005 7454 12840 2072
x0006 7338 17061 2397
x0007 6990 13077 2511
x0008 10476 19614 3321
x0009 10515 16055 2591
x0010 8778 13933 2265
x0011 8581 15684 2763
x0012 8203 14867 2355
x0013 7665 13046 2080
x0014 10272 16359 3015
x0015 9167 15500 3063
x0016 8360 15542 2663
x0017 9004 14403 2928
x0018 9155 12819 3002
x0019 9970 14958 3275
x0020 7956 13577 2777
x0021 8398 13023 2889
x0022 9529 17388 2729
x0023 9292 16720 2429
x0024 8054 15567 2485
x0025 6783 13825 2612
x0026 5964 11747 1990
x0027 6907 11354 2242
x0028 8393 13373 2544
x0029 6693 14684 2494
x0030 7653 15616 2609
x0031 6733 17691 2837
x0032 7168 16647 2981
x0033 5480 14842 2469
x0034 4431 14815 2282
x0035 5107 16849 2354
x0036 4814 15128 2003
x0037 5560 16470 2280
x0038 6831 16710 2794
x0039 7756 15660 3149
x0040 7268 19709 2913
x0041 7300 16824 3137
x0042 8909 15667 3627
x0043 9237 18400 3989
x0044 7943 16489 3534
x0045 7390 13742 3178
x0046 9259 16970 4152
x0047 8526 13920 3660
x0048 8767 16343 3810
x0049 8357 14864 3344
x0050 7694 13884 2953
x0051 8774 16672 3715
x0052 8212 16659 3809
x0053 9156 16960 4760
x0054 9384 15857 4405
x0055 7312 14204 3237
x0056 9212 18184 3979
x0057 9662 19149 4342
x0058 7670 14663 3318
x0059 9134 16088 3698
x0060 8190 15461 3610
x0061 6963 14087 3040
x0062 7675 13692 3164
x0063 9278 17115 4235
x0064 8967 16680 3756
x0065 9730 19248 4175
x0066 10829 18361 5001
x0067 10909 17033 4443
x0068 13675 20473 5473
x0069 8795 15705 3941
x0070 9452 15095 4373
x0071 10426 15617 4092
x0072 9740 15978 3685
x0073 10193 19681 4056
x0074 8360 15741 3160
x0075 9280 16134 3506
x0076 11344 19510 5192
x0077 12018 18650 4843
x0078 8266 15239 3756
x0079 10246 18059 4335
x0080 11509 15490 4376
x0081 10135 15329 3939
x0082 12726 20455 4769
x0083 12542 18160 4014
x0084 13681 22694 4953
x0085 12883 19348 5444
x0086 11230 19623 4392
x0087 11333 20369 4344
x0088 10344 20326 4046
x0089 10842 16974 3810
x0090 8674 16655 3351
x0091 10046 18568 4026
x0092 9689 19899 3823
x0093 8825 17295 3283
x0094 10966 20310 3969
x0095 9333 19548 3759
x0096 9430 20546 3954
x0097 10461 21270 4315
x0098 9944 22909 4548
x0099 8623 19908 3854
x0100 8976 17985 3915
x0101 9215 18429 3481
x0102 9911 19232 3497
x0103 9655 16613 2893
x0104 7292 16176 2867
x0105 6505 14379 2552
x0106 7195 18408 3077
x0107 6038 16710 2677
x0108 7487 21865 3288
x0109 5123 13681 2311
x0110 6633 16821 2881
x0111 6143 14099 2549
x0112 6314 13784 2693
x0113 7283 14499 2749
x0114 9148 15810 3008
x0115 7750 15491 3324
x0116 8839 15780 3584
x0117 8490 15540 3231
x0118 9734 19039 4123
x0119 7053 14046 2991
x0120 7204 15484 3418
x0121 6191 15478 3307
x0122 7625 15667 3736
x0123 7334 17618 3728
x0124 7773 17711 4162
x0125 6865 16106 3364
x0126 8669 17444 4268
x0127 6697 16341 3527
x0128 9031 21031 4391
x0129 8250 18765 4110
x0130 7941 16240 3785
x0131 8524 16408 3748
x0132 9451 18038 4642
x0133 10235 19150 4545
x0134 11085 21072 5244
x0135 9683 16757 4436
x0136 9794 19472 4404
x0137 8852 15689 4139
x0138 9539 17589 3997
x0139 9189 16799 3902
x0140 10083 18814 4514
x0141 8948 17193 4240
x0142 9189 17712 4224
x0143 10565 18006 4325
x0144 8755 13913 3210
x0145 8669 15062 3065
x0146 10467 16210 4448
x0147 9018 16308 3354
x0148 8325 15411 3292
x0149 8617 15750 3128
x0150 9022 17673 3933
x0151 8482 16676 4003
x0152 9964 15906 4511
x0153 9103 19054 4228
x0154 9159 16047 3955
x0155 9171 16783 3936
x0156 9155 17348 4373
x0157 9843 15137 4423
x0158 9354 17556 4215
x0159 9614 16498 4516
x0160 11027 16986 4883
x0161 9522 17408 4696
x0162 9305 15390 4708
x0163 9626 17161 4839
x0164 9889 17064 4673
x0165 9766 17082 4527
x0166 10348 17610 4427
x0167 7165 15355 3358
x0168 9587 17235 4303
x0169 10433 17780 4427
x0170 10455 19429 4569
x0171 10465 19399 4852
x0172 11464 18808 5239
x0173 7182 13803 2886
x0174 9553 17161 4661
x0175 9626 15499 3316
x0176 8428 15289 3544
x0177 11014 18335 5104
x0178 8313 12706 3957
x0179 8653 14509 3866
x0180 9117 15852 4434
x0181 8970 15929 4021
x0182 8397 13520 3283
x0183 8227 13176 3573
x0184 9854 15018 4048
x0185 9491 12904 3940
x0186 10287 17267 4072
x0187 8664 13455 3306
x0188 9776 14625 3565
x0189 10484 15061 4345
x0190 10293 16012 4820
x0191 8800 14827 4103
x0192 9882 16703 4540
x0193 10038 16438 4649
x0194 9143 17581 4401
x0195 8361 16298 4021
x0196 7994 14306 4035
x0197 7575 14957 3574
x0198 8790 16648 4208
x0199 8763 16025 3653
x0200 9277 15966 4892
x0201 11351 17915 5187
x0202 10125 18251 4264
x0203 7111 13750 3670
x0204 10089 16785 4752
x0205 9323 16238 4574
x0206 11838 18617 5056
x0207 10904 18534 4232
x0208 10083 18017 4540
x0209 9882 16840 4403
x0210 9908 16534 4186
x0211 10979 18084 4607
x0212 8286 15019 4190
x0213 10332 17038 4508
x0214 8785 15345 4073
x0215 7960 13619 3846
x0216 7029 11748 3378
x0217 9280 16080 4043
x0218 8387 12666 3478
x0219 8894 15880 3667
x0220 8345 12705 3040
x0221 10329 16349 4198
x0222 11308 15958 4360
x0223 9426 17488 3714
x0224 10774 15408 4199
x0225 8574 14462 3529
x0226 10083 16011 3552
x0227 11162 16040 4173
x0228 8623 11817 2996
x0229 10007 14677 3757
x0230 9402 15691 4310
x0231 9963 13958 3574
x0232 7621 11441 2883
x0233 8377 14177 3552
x0234 8488 14446 3631
x0235 9312 13549 3704
x0236 10015 15198 3467
x0237 7810 13888 3055
x0238 9206 14326 3729
x0239 8962 13550 3366
x0240 11259 14898 4224
x0241 9581 14266 3648
x0242 9509 13194 3862
x0243 7005 13990 3315
x0244 8614 14897 3517
x0245 8109 12774 3207
x0246 7841 10754 2726
x0247 9784 15377 4000
x0248 9247 12960 3444
x0249 8195 11659 2937
x0250 9493 13619 3453
x0251 8611 12599 3766
x0252 8846 15292 3592
x0253 8501 12249 3121
x0254 7256 12679 2856
x0255 8675 13317 3659
x0256 9824 14926 3691
x0257 10446 13855 4140
x0258 10780 11945 3840
x0259 7280 11312 2936
x0260 10160 15836 4139
x0261 7797 13209 3525
x0262 10078 14116 4247
x0263 8118 11715 2745
x0264 10662 12651 3948
x0265 10048 14208 3947
x0266 10454 14530 3936
x0267 8912 14655 3694
x0268 9419 12878 3354
x0269 8924 14262 3379
x0270 9402 11781 3570
x0271 10940 15661 4027
x0272 10483 15816 4082
x0273 10004 15249 3908
x0274 10154 14338 4428
x0275 9344 12737 4254
x0276 8591 13843 3901
x0277 8209 16498 4213
x0278 9783 17243 4099
x0279 7220 11962 3184
x0280 9876 14226 4339
x0281 7215 13741 3134
x0282 9701 13402 3462
x0283 9799 12745 3791
x0284 7197 11619 2920
x0285 7351 12710 3159
x0286 9063 13925 3808
x0287 8895 12475 3830
x0288 7378 12575 3267
x0289 8749 13023 3653
x0290 8399 13143 3434
x0291 10766 15619 4491
x0292 8760 13266 3852
x0293 9626 12957 3982
x0294 7414 11625 3327
x0295 9726 15392 4528
x0296 7858 13190 3262
x0297 7478 11136 2914
x0298 7051 12003 3524
x0299 7929 11889 3187
x0300 7818 12209 3193
x0301 10657 14269 4235
x0302 8346 15107 3808
x0303 10348 14703 4110
x0304 7827 14512 3312
x0305 9646 15388 4127
x0306 7468 13247 3375
x0307 9197 14337 3727
x0308 7856 13086 3148
x0309 8509 13392 3524
x0310 8320 13474 3182
x0311 8638 15450 3407
x0312 7125 11194 2591
x0313 8934 12838 3204
x0314 9512 15265 3903
x0315 8927 10957 3121
x0316 10482 12819 3495
x0317 8054 12540 3059
x0318 9446 12837 3368
x0319 8839 14514 3675
x0320 9413 12893 3800
x0321 8821 14405 3570
x0322 7376 10412 2715
x0323 7375 12922 3574
x0324 6189 12059 2662
x0325 8488 12929 4008
x0326 7766 11086 3303
x0327 8413 12111 3566
x0328 8447 12375 3488
x0329 9232 13439 3435
x0330 8012 13561 3180
x0331 9655 12610 3613
x0332 10896 16443 4287
x0333 8651 10909 3876
x0334 8755 14073 3507
x0335 9471 13022 4303
x0336 9406 11408 3496
x0337 9335 15872 4196
x0338 8824 12990 4064
x0339 8698 13012 3715
x0340 8877 11765 3668
x0341 9028 12552 3620
x0342 8713 13259 3679
x0343 9711 11464 3578
x0344 10235 11499 4144
x0345 9886 11742 3572
x0346 10727 14370 4064
x0347 10275 9206 3739
x0348 8557 14019 3989
x0349 8800 12879 3972
x0350 9783 12746 4499
x0351 8477 11984 3629
x0352 10764 14290 4349
x0353 8547 12093 3891
x0354 8874 13395 3837
x0355 11023 15967 4135
x0356 9053 13052 3773
x0357 8157 11626 3437
x0358 8899 13559 4107
x0359 10148 11089 4188
x0360 9381 15790 4964
x0361 9436 13492 3868
x0362 8150 10870 3346
x0363 9954 13993 4019
x0364 9031 14208 4022
x0365 11741 13711 4438
x0366 10180 15653 4795
x0367 8192 12375 3964
x0368 10718 13484 4718
x0369 10476 14146 4781
x0370 8077 11005 3709
x0371 9319 12720 3839
x0372 6137 9161 2657
x0373 8420 13564 3894
x0374 7932 12401 4198
x0375 8491 11147 3367
x0376 7711 11587 3493
x0377 8380 12255 3675
x0378 9009 13878 3909
x0379 7841 11416 3321
x0380 8821 14828 4081
x0381 8219 13406 3800
x0382 6200 11203 3303
x0383 8245 11851 3775
x0384 8487 11063 4103
x0385 7526 11618 3434
x0386 9376 12938 4714
x0387 8117 9465 3739
x0388 7063 9695 3543
x0389 7411 10700 3625
x0390 7678 11648 3679
x0391 7249 10286 3375
x0392 7751 10849 3555
x0393 8998 13814 3523
x0394 7649 12435 3352
x0395 8332 12337 3862
x0396 7945 13600 3655
x0397 8010 12788 3955
x0398 10635 15894 4596
x0399 8875 14503 4117
x0400 10690 12720 4320
x0401 10495 14599 4309
x0402 9861 12887 4513
x0403 7646 10494 3181
x0404 8077 12667 3787
x0405 9526 13300 3970
x0406 9025 11794 3934
x0407 7367 11375 3624
x0408 8633 12644 3923
x0409 8795 12854 3776
x0410 9348 12314 3763
x0411 9819 13618 4058
x0412 10359 13880 4681
x0413 9439 13811 4480
x0414 8953 11154 3764
x0415 8086 12207 3797
x0416 10124 10833 4019
x0417 9440 13608 3980
x0418 9336 12428 4342
x0419 8401 12776 4248
x0420 10262 11445 3944
x0421 8108 12384 3818
x0422 6268 11075 2757
x0423 7202 12586 3217
x0424 8905 12938 4035
x0425 8568 12590 3595
x0426 8558 13753 3795
x0427 7446 12484 3290
x0428 8951 14643 3667
x0429 9392 14613 4436
x0430 8521 14460 3815
x0431 8218 13281 4152
x0432 7226 13130 3954
x0433 8560 12971 3669
x0434 8113 10870 3595
x0435 8347 14053 4165
x0436 6791 10946 3584
x0437 8934 11351 3586
x0438 8359 11858 3654
x0439 7867 10847 3441
x0440 8374 11583 3696
x0441 7296 12593 3547
x0442 6314 11612 2984
x0443 7186 10711 3424
x0444 8180 11758 4152
x0445 7398 10311 3406
x0446 8096 13018 4311
x0447 8151 12380 4000
x0448 8103 11182 4151
x0449 7398 9892 3213
x0450 9168 13031 3907
x0451 8613 10229 3313
x0452 8343 10525 3710
x0453 8330 11709 3614
x0454 8466 10118 3782
x0455 8009 11683 3313
x0456 8696 11971 3643
x0457 7661 11406 3511
x0458 8166 12716 4318
x0459 8222 10740 2983
x0460 7528 11546 3504
x0461 7765 12137 3318
x0462 8030 11295 3466
x0463 7839 13012 3459
x0464 9430 12904 3772
x0465 9154 12915 3809
x0466 8873 11271 3292
x0467 7729 9596 3381
x0468 9000 13024 3854
x0469 8505 12673 3353
x0470 8608 10941 3671
x0471 6395 9443 2883
x0472 8601 11896 3813
x0473 7922 10746 3277
x0474 7921 9618 3576
x0475 7675 13012 3184
x0476 7009 9876 3015
x0477 7667 10831 3447
x0478 7213 11553 3389
x0479 7226 8681 3008
x0480 8823 11736 3531
x0481 8237 10659 3682
x0482 8516 10374 3055
x0483 7712 10671 3145
x0484 6465 8490 2623
x0485 7623 10307 3185
x0486 8707 11509 3220
x0487 9932 14771 4217
x0488 10158 14186 3859
x0489 9304 11456 3771
x0490 9658 12534 3686
x0491 10256 12341 4199
x0492 9077 11936 3963
x0493 9101 13523 4404
x0494 8992 11692 3626
x0495 8996 11100 3775
x0496 8695 11676 3939
x0497 11012 14134 4744
x0498 10645 13438 4358
x0499 9787 11968 3896
x0500 9222 13888 4620
x0501 10223 13573 3699
x0502 7433 10203 2867
x0503 7671 12333 3649
x0504 7793 11541 3457
x0505 8506 10525 3335
x0506 7047 9613 2843
x0507 7504 12899 3687
x0508 8626 13168 4084
x0509 8605 12108 4263
x0510 8679 12022 4275
x0511 8897 13421 3560
x0512 7503 10477 3341
x0513 8454 11367 3832
x0514 8199 13159 3618
x0515 9046 11226 3381
x0516 9229 11092 4210
x0517 7087 11025 3003
x0518 6549 10683 2868
x0519 7483 11169 3503
x0520 9441 14816 3946
x0521 9477 15345 4339
x0522 7978 13123 3875
x0523 9066 15163 4212
x0524 7611 13188 3732
x0525 5616 12223 3482
x0526 8083 12435 3792
x0527 8941 12674 4491
x0528 7822 10055 3444
x0529 8091 12862 3578
x0530 8454 12602 3697
x0531 7420 10017 3678
x0532 8359 13133 3708
x0533 8504 11214 3718
x0534 8851 10652 4368
x0535 8622 13554 3930
x0536 8996 12057 3923
x0537 8427 12308 4241
x0538 8461 11184 4445
x0539 7383 10476 3256
x0540 7588 12766 3299
x0541 9796 15052 4555
x0542 8551 13029 3396
x0543 7430 12678 3545
x0544 8977 14085 3966
x0545 7481 11028 3646
x0546 7786 10809 3350
x0547 7099 12000 3479
x0548 10231 14613 4559
x0549 7331 11807 4082
x0550 6528 10535 3847
x0551 6913 10654 3343
x0552 6304 10334 3063
x0553 8124 11867 3880
x0554 7320 11973 3285
x0555 7618 11911 3691
x0556 7577 13555 3399
x0557 7538 9649 3316
x0558 8968 12386 3846
x0559 7535 9834 3337
x0560 6261 8622 2695
x0561 8454 11468 3949
x0562 6076 9132 2937
x0563 8083 10994 4576
x0564 6048 9909 2764
x0565 7690 13191 3429
x0566 8963 13629 3973
x0567 7711 10118 3492
x0568 8217 12207 3666
x0569 7967 11455 3583
x0570 8200 10527 3428
x0571 6808 10730 3168
x0572 8216 12220 4095
x0573 7303 12847 3721
x0574 5889 10664 3148
x0575 7303 11018 3207
x0576 8585 15083 4298
x0577 6579 12045 2697
x0578 8057 14988 3983
x0579 9127 13844 4057
x0580 7905 13743 4003
x0581 8455 13608 4043
x0582 5773 11410 2917
x0583 7856 11264 3458
x0584 8530 12392 3831
x0585 7880 10877 2979
x0586 7572 13235 3283
x0587 9650 13030 3885
x0588 8114 10241 3381
x0589 9551 13863 3614
x0590 7303 12063 3425
x0591 8913 13997 4118
x0592 6946 11454 3128
x0593 8938 12194 3844
x0594 8450 13308 3442
x0595 8905 11150 3381
x0596 7043 11066 2801
x0597 8654 11419 3580
x0598 8871 13389 3618
x0599 9517 12033 3875
x0600 6925 13545 3183
x0601 8287 11823 3326
x0602 7194 11399 3352
x0603 9459 13489 4080
x0604 9165 13498 4365
x0605 7993 12084 3794
x0606 9144 13271 4381
x0607 8706 12930 4015
x0608 8293 12071 3726
x0609 8767 12881 3552
x0610 8563 12735 3455
x0611 9817 13960 3953
x0612 9001 12634 3790
x0613 9919 13365 4211
x0614 9116 14363 4251
x0615 9314 13265 4449
x0616 7724 12062 3650
x0617 8886 12590 4175
x0618 8371 12052 3887
x0619 8543 12418 3570
x0620 7522 10746 3468
x0621 8970 12429 4026
x0622 8036 13576 4039
x0623 7765 10952 4074
x0624 8164 12092 4054
x0625 8415 11583 4312
x0626 8412 13697 4226
x0627 9161 11833 4206
x0628 8925 13662 4674
x0629 9162 11663 4151
x0630 9769 12945 4082
x0631 8335 12038 4158
x0632 10354 14585 5442
x0633 8013 12834 3684
x0634 9122 13256 4418
x0635 8422 12906 4097
x0636 9026 12456 4169
x0637 7966 14548 4282
x0638 8736 11017 3900
x0639 9191 12499 4416
x0640 8638 11350 3883
x0641 7117 11073 3755
x0642 6786 10181 3334
x0643 7320 11726 3320
x0644 10434 14980 4967
x0645 8678 10845 4130
x0646 8251 12107 4173
x0647 8731 12892 4255
x0648 8603 11244 3806
x0649 8280 11967 4063
x0650 8547 12777 4101
x0651 9723 13144 4161
x0652 8920 13346 4299
x0653 9163 10966 4402
x0654 8700 10729 4007
x0655 8747 12791 4113
x0656 8463 11783 4064
x0657 7508 11957 3755
x0658 7830 10662 3453
x0659 8025 12087 3759
x0660 9479 13088 4694
x0661 9500 13414 4114
x0662 9394 14503 4306
x0663 9407 13818 4505
x0664 9448 13963 4792
x0665 7851 12733 3947
x0666 8711 12553 4387
x0667 6820 12602 3798
x0668 8994 13294 4277
x0669 8472 11810 4028
x0670 8318 11937 4055
x0671 10162 12647 4686
x0672 9555 12181 4599
x0673 9856 14442 4863
x0674 11459 15237 5944
x0675 13346 16340 6092
x0676 11482 15308 5341
x0677 10894 13383 5126
x0678 8285 11828 4640
x0679 9216 11644 4565
x0680 9709 14626 4585
x0681 9105 12829 4631
x0682 8908 13627 4261
x0683 8624 13979 4193
x0684 9658 13356 4247
x0685 8742 12551 3907
x0686 9937 15147 4319
x0687 10409 13981 4771
x0688 9978 14201 4501
x0689 8470 12489 4692
x0690 9694 14661 5291
x0691 7232 12561 4078
x0692 10138 15028 5215
x0693 7831 12172 4087
x0694 7091 11867 3620
x0695 9292 16100 4989
x0696 7598 13276 4326
x0697 8999 15062 4859
x0698 8414 13012 5370
x0699 7502 11360 3929
x0700 9644 16860 5122
x0701 7901 14792 4568
x0702 7839 15011 4411
x0703 7668 13172 4585
x0704 9022 14159 5022
x0705 8149 13966 5146
x0706 7715 13767 4169
x0707 9115 15341 4705
x0708 8423 16140 4840
x0709 7690 12374 4246
x0710 9294 15692 4660
x0711 8120 14167 4509
x0712 8052 14115 4398
x0713 7760 13573 3867
x0714 9032 15569 4319
x0715 8888 15584 4689
x0716 8279 13881 4175
x0717 7457 13516 4227
x0718 6996 11753 3617
x0719 9248 16341 5039
x0720 8739 14659 4097
x0721 10346 16235 5045
x0722 8966 13396 4666
x0723 9046 13322 4428
x0724 8907 12151 4367
x0725 9003 12419 4456
x0726 10529 12802 5349
x0727 9233 12766 5029
x0728 11792 14549 5537
x0729 9565 15021 5060
x0730 9746 14855 4802
x0731 8097 11330 4009
x0732 9475 13603 4417
x0733 8030 11902 4378
x0734 8907 14099 4489
x0735 10158 13154 5129
x0736 9984 14358 4338
x0737 10890 15242 5243
x0738 9296 14121 4786
x0739 8365 13074 4212
x0740 7977 11497 3962
x0741 7768 10865 4158
x0742 8681 14305 4509
x0743 9653 13345 5205
x0744 9743 13609 4143
x0745 9059 13314 4655
x0746 9454 14871 5078
x0747 9880 14690 5076
x0748 8330 10971 4135
x0749 9607 13289 4599
x0750 7791 12592 3927
x0751 9801 15059 4786
x0752 11493 15572 5320
x0753 9046 15415 4700
x0754 8380 13958 4227
x0755 10201 15008 4926
x0756 8872 14726 4605
x0757 9515 14381 4545
x0758 9073 16085 4488
x0759 7382 10609 3954
x0760 9876 14261 5024
x0761 10249 14808 4589
x0762 10372 15414 5339
x0763 9870 14395 4415
x0764 8670 10800 4183
x0765 8835 13723 4703
x0766 8826 13101 4179
x0767 7591 10833 3942
x0768 8146 14396 4254
x0769 9406 14435 4839
x0770 10030 14115 5258
x0771 8424 14595 4476
x0772 7932 12143 4015
x0773 10511 13721 4688
x0774 9580 12374 4152
x0775 10273 12623 4365
x0776 10696 16717 5227
x0777 9317 15023 4580
x0778 9752 14131 4797
x0779 10834 12268 4628
x0780 7614 10803 3528
x0781 8909 12223 4068
x0782 11379 14499 4503
x0783 10386 14357 5147
x0784 8249 11399 4442
x0785 7905 11899 3632
x0786 9933 14545 5168
x0787 7840 12309 3941
x0788 8238 13132 4055
x0789 9443 12778 4575
x0790 8862 12320 4018
x0791 8112 14688 4228
x0792 8696 10326 4198
x0793 9541 14668 4232
x0794 8313 11193 3714
x0795 8322 12596 3835
x0796 8415 14940 4140
x0797 8388 13569 3468
x0798 9814 12479 4042
x0799 12004 16325 4824
x0800 9888 12209 4468
x0801 9479 12733 4123
x0802 8922 13240 4634
x0803 8648 12261 4067
x0804 10670 13348 4662
x0805 9196 11070 4044
x0806 9444 13302 4050
x0807 8552 12250 3508
x0808 9644 12013 4221
x0809 9615 13589 3824
x0810 9236 12920 4179
x0811 11589 15442 4847
x0812 8614 11063 3328
x0813 11034 15644 4697
x0814 10036 11409 4206
x0815 9838 11965 3848
x0816 11787 13880 4714
x0817 10223 14804 4619
x0818 10104 13296 4330
x0819 11378 14055 4948
x0820 10121 13647 4435
x0821 9104 12384 3712
x0822 11187 14101 4602
x0823 10177 13056 4028
x0824 8963 11901 4112
x0825 8462 12917 4272
x0826 8886 12648 4344
x0827 9292 10668 3911
x0828 11448 13789 4653
x0829 9572 14147 4484
x0830 10061 11654 4163
x0831 10797 13198 4925
x0832 11373 12674 4873
x0833 10395 13860 5148
x0834 10880 13176 4624
x0835 10318 12260 4683
x0836 10418 14124 5104
x0837 9788 13661 4517
x0838 10834 11306 4656
x0839 10120 13029 4581
x0840 10190 12703 4135
x0841 9399 12949 3987
x0842 9573 13030 4425
x0843 8611 13151 4116
x0844 9337 13017 4211
x0845 11065 14298 4283
x0846 10182 12037 4577
x0847 10732 13345 4603
x0848 9974 12551 4503
x0849 13952 16698 5665
x0850 10072 12832 4124
x0851 10166 14322 4192
x0852 10165 14178 4337
x0853 11157 14694 4530
x0854 11251 15547 4577
x0855 9737 11587 3429
x0856 9563 13556 3677
x0857 12467 15901 4785
x0858 10226 14435 4500
x0859 9218 11637 4345
x0860 10475 13993 4935
x0861 10189 16898 4791
x0862 9518 16167 4696
x0863 9724 15639 4283
x0864 8638 13975 4183
x0865 7158 11347 2816
x0866 9523 13602 4136
x0867 9007 13599 4422
x0868 8203 10348 3394
x0869 8925 9526 3285
x0870 8507 11606 3540
x0871 9555 12039 4512
x0872 8779 11781 3971
x0873 7878 11964 3594
x0874 7497 10744 3495
x0875 10030 15435 4916
x0876 9651 13724 4120
x0877 8348 14757 3691
x0878 11448 14065 4377
x0879 9356 12136 4159
x0880 9544 14260 4162
x0881 9100 13398 4067
x0882 8778 11521 3791
x0883 8844 11650 4259
x0884 7604 10940 3401
x0885 9950 14983 4713
x0886 8930 11726 3875
x0887 8369 12557 3827
x0888 7962 11579 3037
x0889 8214 10719 3645
x0890 8059 11481 3680
x0891 6481 10154 3066
x0892 8551 12650 3775
x0893 7255 11968 3568
x0894 7255 10816 3250
x0895 7521 11026 3398
x0896 6925 11127 3476
x0897 8235 11283 3487
x0898 7036 8915 2964
x0899 7306 9932 2862
x0900 8288 11940 3425
x0901 7378 10540 2992
x0902 9185 12304 3711
x0903 8542 10530 2873
x0904 6291 10623 2589
x0905 8240 12033 3380
x0906 7633 11448 3074
x0907 8674 11722 3257
x0908 8050 10698 3197
x0909 6879 10001 2821
x0910 6783 10469 3049
x0911 7232 10405 3273
x0912 9272 10882 3717
x0913 9756 11074 3260
x0914 8219 10998 3574
x0915 7926 10362 2827
x0916 8298 11619 3519
x0917 8039 11318 3221
x0918 6807 11870 2851
x0919 9185 12927 3539
x0920 8677 11742 3234
x0921 8165 10779 3001
x0922 7089 10081 2531
x0923 8194 12648 3248
x0924 8568 11146 3291
x0925 6294 10637 2770
x0926 7304 10033 3166
x0927 7512 10126 3272
x0928 7801 8759 3340
x0929 7490 9899 3114
x0930 8133 10081 3107
x0931 9616 12376 3433
x0932 8768 10284 3314
x0933 9858 11735 3832
x0934 10920 15308 4648
x0935 9361 11350 3379
x0936 8278 11187 3113
x0937 8833 12097 3601
x0938 9318 10936 3617
x0939 9948 13034 3583
x0940 9310 12193 3922
x0941 8041 12825 3444
x0942 10448 12010 3648
x0943 9449 12310 3892
x0944 10261 13425 3575
x0945 9918 13674 3204
x0946 9863 12511 3732
x0947 11281 13640 3999
x0948 10515 15028 4103
x0949 9807 13960 3963
x0950 10905 14478 4263
x0951 10508 14201 3732
x0952 13201 15960 4509
x0953 10149 15958 4028
x0954 11519 12835 3612
x0955 11695 13882 4558
x0956 9248 12726 3451
x0957 7837 12675 3141
x0958 9878 15412 4113
x0959 9456 13416 3924
x0960 9100 13732 4196
x0961 10443 13648 3875
x0962 9727 13212 3857
x0963 8849 12351 3553
x0964 10800 12619 4076
x0965 9942 12321 3388
x0966 8669 14291 3375
x0967 11724 15192 4459
x0968 11231 15698 4446
x0969 12710 14669 4247
x0970 11134 14388 3639
x0971 12934 15739 4738
x0972 12682 14638 5065
x0973 14540 17087 5774
x0974 13539 17093 4879
x0975 12611 13971 5296
x0976 14051 14305 5574
x0977 12678 13081 4622
x0978 12461 14636 5034
x0979 14558 17572 5271
x0980 12427 14600 5104
x0981 11605 11887 4003
x0982 12689 14196 5246
x0983 13587 14809 5274
x0984 11736 12730 4214
x0985 14271 15855 5119
x0986 13203 14271 4657
x0987 13014 15375 5281
x0988 14675 17003 5997
x0989 12763 17120 5362
x0990 12035 17884 5592
x0991 10821 14014 4326
x0992 8389 13348 4141
x0993 11286 16871 5254
x0994 12463 17362 5420
x0995 11083 14939 4606
x0996 11610 16695 5106
x0997 11450 15542 5139
x0998 8723 15365 4115
x0999 11539 16904 5227
x1000 12245 15765 5143
