x0000 0 12 9
x0001 0 19 9
x0002 7 19 10
x0003 0 19 9
x0004 7 19 10
x0005 0 19 9
x0006 6 16 6
x0007 7 19 10
x0008 0 19 9
x0009 6 16 6
x0010 6 16 6
x0011 0 10 5
x0012 0 27 9
x0013 0 10 5
x0014 0 19 9
x0015 0 19 9
x0016 0 16 5
x0017 0 8 7
x0018 0 12 3
x0019 7 28 10
x0020 0 23 5
x0021 0 19 9
x0022 0 18 3
x0023 0 16 5
x0024 0 23 5
x0025 0 23 5
x0026 0 23 5
x0027 0 23 5
x0028 0 23 5
x0029 0 21 7
x0030 0 45 10
x0031 0 24 4
x0032 0 26 10
x0033 0 45 10
x0034 0 30 6
x0035 2 39 14
x0036 2 33 10
x0037 2 33 10
x0038 1 25 10
x0039 0 12 3
x0040 1 21 6
x0041 0 14 7
x0042 0 18 3
x0043 9 43 14
x0044 0 29 7
x0045 0 23 5
x0046 1 43 11
x0047 0 36 9
x0048 0 45 10
x0049 0 52 14
x0050 0 36 9
x0051 0 46 9
x0052 0 39 6
x0053 0 46 9
x0054 0 36 9
x0055 0 46 9
x0056 0 36 9
x0057 0 46 9
x0058 5 62 11
x0059 5 72 14
x0060 4 60 14
x0061 0 53 13
x0062 5 62 11
x0063 2 42 11
x0064 4 60 14
x0065 5 72 14
x0066 7 94 19
x0067 9 80 16
x0068 4 60 14
x0069 6 61 11
x0070 4 69 18
x0071 6 70 15
x0072 4 60 14
x0073 4 60 14
x0074 6 70 15
x0075 6 58 14
x0076 6 68 17
x0077 4 60 14
x0078 6 70 15
x0079 6 80 19
x0080 6 80 19
x0081 5 72 14
x0082 10 106 20
x0083 6 70 15
x0084 6 70 15
x0085 4 60 14
x0086 6 70 15
x0087 6 70 15
x0088 6 80 19
x0089 4 69 18
x0090 6 71 14
x0091 4 69 18
x0092 6 80 19
x0093 12 84 24
x0094 9 91 20
x0095 7 94 19
x0096 4 69 18
x0097 16 83 21
x0098 9 91 20
x0099 5 82 18
x0100 4 52 10
x0101 7 83 15
x0102 9 91 20
x0103 6 80 19
x0104 6 80 19
x0105 8 83 14
x0106 7 79 19
x0107 4 69 18
x0108 5 82 18
x0109 5 82 18
x0110 12 87 21
x0111 27 103 23
x0112 22 90 24
x0113 27 104 22
x0114 12 87 21
x0115 28 71 21
x0116 27 102 24
x0117 25 103 25
x0118 29 102 22
x0119 35 93 25
x0120 40 107 24
x0121 37 108 26
x0122 38 106 27
x0123 25 103 25
x0124 38 106 27
x0125 46 135 29
x0126 42 121 27
x0127 36 91 26
x0128 45 118 27
x0129 44 114 32
x0130 37 93 23
x0131 50 148 33
x0132 43 123 24
x0133 43 123 24
x0134 59 137 35
x0135 46 135 29
x0136 39 108 24
x0137 37 106 28
x0138 34 130 26
x0139 33 127 30
x0140 43 123 24
x0141 30 116 25
x0142 46 131 33
x0143 20 126 25
x0144 34 130 26
x0145 53 123 34
x0146 46 135 29
x0147 41 121 28
x0148 41 118 31
x0149 46 134 30
x0150 60 152 41
x0151 49 130 31
x0152 43 120 27
x0153 32 118 21
x0154 46 134 30
x0155 60 152 41
x0156 47 136 27
x0157 42 131 37
x0158 45 132 33
x0159 60 152 41
x0160 24 156 30
x0161 20 126 25
x0162 37 146 27
x0163 63 169 44
x0164 63 169 44
x0165 66 166 44
x0166 46 130 34
x0167 37 146 27
x0168 47 147 37
x0169 22 139 29
x0170 20 140 30
x0171 39 159 33
x0172 20 126 25
x0173 22 123 26
x0174 29 115 27
x0175 35 145 30
x0176 36 125 29
x0177 50 146 35
x0178 39 159 33
x0179 34 145 31
x0180 20 124 27
x0181 34 144 32
x0182 38 142 30
x0183 19 125 27
x0184 20 124 27
x0185 15 99 22
x0186 15 99 22
x0187 17 96 23
x0188 17 96 23
x0189 17 96 23
x0190 25 103 25
x0191 17 96 23
x0192 17 96 23
x0193 32 113 26
x0194 43 118 29
x0195 41 102 28
x0196 27 100 26
x0197 41 117 32
x0198 33 128 29
x0199 43 116 31
x0200 43 116 31
x0201 20 109 24
x0202 41 117 32
x0203 17 95 24
x0204 20 124 27
x0205 52 166 35
x0206 35 126 29
x0207 50 148 33
x0208 32 112 27
x0209 35 144 31
x0210 22 124 25
x0211 52 165 36
x0212 36 127 27
x0213 11 120 22
x0214 22 140 28
x0215 37 143 30
x0216 66 170 40
x0217 64 152 37
x0218 50 148 33
x0219 50 148 33
x0220 52 165 36
x0221 55 182 39
x0222 55 182 39
x0223 63 169 44
x0224 55 182 39
x0225 55 182 39
x0226 55 182 39
x0227 52 166 35
x0228 54 184 38
x0229 68 171 37
x0230 63 170 43
x0231 62 170 44
x0232 80 213 58
x0233 65 188 47
x0234 65 168 43
x0235 68 200 57
x0236 68 200 57
x0237 77 153 46
x0238 96 196 59
x0239 100 216 62
x0240 100 216 62
x0241 85 207 59
x0242 76 221 54
x0243 90 230 58
x0244 85 210 56
x0245 90 230 58
x0246 90 230 58
x0247 89 208 54
x0248 90 230 58
x0249 91 250 65
x0250 89 208 54
x0251 89 208 54
x0252 89 208 54
x0253 90 227 61
x0254 88 210 53
x0255 90 232 56
x0256 89 208 54
x0257 90 227 61
x0258 89 228 61
x0259 91 250 65
x0260 89 208 54
x0261 89 208 54
x0262 103 234 69
x0263 102 214 62
x0264 84 190 51
x0265 101 216 61
x0266 92 197 62
x0267 101 216 61
x0268 103 237 66
x0269 102 214 62
x0270 103 237 66
x0271 101 216 61
x0272 103 237 66
x0273 94 195 62
x0274 103 237 66
x0275 95 176 54
x0276 98 217 63
x0277 101 216 61
x0278 82 228 68
x0279 101 216 61
x0280 114 244 77
x0281 113 223 70
x0282 103 237 66
x0283 95 217 66
x0284 90 197 64
x0285 76 192 57
x0286 84 209 58
x0287 106 202 70
x0288 98 215 65
x0289 97 221 60
x0290 113 223 70
x0291 113 223 70
x0292 112 224 70
x0293 81 209 61
x0294 98 221 59
x0295 118 244 73
x0296 106 202 70
x0297 82 212 57
x0298 86 235 57
x0299 118 244 73
x0300 97 195 59
x0301 112 224 70
x0302 112 224 70
x0303 112 224 70
x0304 116 222 68
x0305 112 224 70
x0306 112 224 70
x0307 113 245 77
x0308 97 217 64
x0309 113 245 77
x0310 112 224 70
x0311 98 237 71
x0312 113 245 77
x0313 103 237 66
x0314 119 266 80
x0315 98 238 70
x0316 83 231 64
x0317 98 237 71
x0318 103 237 66
x0319 112 224 70
x0320 112 224 70
x0321 118 244 73
x0322 102 239 65
x0323 103 237 66
x0324 88 252 66
x0325 71 248 59
x0326 119 266 80
x0327 98 215 65
x0328 66 204 55
x0329 60 185 55
x0330 78 192 55
x0331 64 186 50
x0332 77 174 49
x0333 80 212 59
x0334 77 195 53
x0335 71 248 59
x0336 87 250 69
x0337 87 250 69
x0338 117 266 82
x0339 84 231 63
x0340 107 281 77
x0341 99 237 70
x0342 96 235 75
x0343 96 235 75
x0344 108 279 78
x0345 107 281 77
x0346 103 257 75
x0347 108 279 78
x0348 108 279 78
x0349 108 279 78
x0350 108 279 78
x0351 97 235 74
x0352 123 288 85
x0353 108 279 78
x0354 108 279 78
x0355 106 258 71
x0356 115 269 81
x0357 123 288 85
x0358 108 279 78
x0359 103 257 75
x0360 100 257 78
x0361 101 257 77
x0362 108 279 78
x0363 108 279 78
x0364 102 257 76
x0365 108 279 78
x0366 102 257 76
x0367 102 257 76
x0368 102 257 76
x0369 108 279 78
x0370 102 257 76
x0371 102 257 76
x0372 123 288 85
x0373 108 279 78
x0374 123 288 85
x0375 123 288 85
x0376 134 273 89
x0377 103 255 77
x0378 139 296 93
x0379 139 296 93
x0380 139 296 93
x0381 139 296 93
x0382 131 272 93
x0383 139 296 93
x0384 118 267 80
x0385 131 272 93
x0386 139 296 93
x0387 139 296 93
x0388 139 296 93
x0389 139 296 93
x0390 139 296 93
x0391 123 288 85
x0392 107 281 77
x0393 139 296 93
x0394 117 268 80
x0395 108 277 80
x0396 123 288 85
x0397 108 277 80
x0398 123 288 85
x0399 123 288 85
x0400 108 277 80
x0401 123 288 85
x0402 117 266 82
x0403 123 288 85
x0404 117 266 82
x0405 123 288 85
x0406 117 266 82
x0407 123 288 85
x0408 123 288 85
x0409 102 257 76
x0410 123 288 85
x0411 108 279 78
x0412 117 266 82
x0413 117 266 82
x0414 123 288 85
x0415 119 264 82
x0416 108 279 78
x0417 123 288 85
x0418 108 279 78
x0419 108 279 78
x0420 123 288 85
x0421 108 279 78
x0422 117 265 83
x0423 123 287 86
x0424 102 257 76
x0425 102 257 76
x0426 102 257 76
x0427 102 257 76
x0428 108 279 78
x0429 102 257 76
x0430 117 266 82
x0431 123 288 85
x0432 123 288 85
x0433 123 288 85
x0434 117 266 82
x0435 108 279 78
x0436 102 257 76
x0437 117 266 82
x0438 117 266 82
x0439 117 266 82
x0440 117 266 82
x0441 108 279 78
x0442 102 257 76
x0443 102 257 76
x0444 102 257 76
x0445 102 257 76
x0446 117 266 82
x0447 123 288 85
x0448 102 257 76
x0449 102 257 76
x0450 117 266 82
x0451 102 257 76
x0452 102 257 76
x0453 94 236 76
x0454 114 266 85
x0455 102 257 76
x0456 102 257 76
x0457 117 266 82
x0458 94 236 76
x0459 108 245 82
x0460 102 257 76
x0461 114 266 85
x0462 102 257 76
x0463 94 236 76
x0464 102 257 76
x0465 102 257 76
x0466 117 266 82
x0467 102 257 76
x0468 108 279 78
x0469 123 288 85
x0470 123 288 85
x0471 123 288 85
x0472 102 257 76
x0473 123 288 85
x0474 123 288 85
x0475 102 257 76
x0476 102 257 76
x0477 108 279 78
x0478 139 296 93
x0479 117 266 82
x0480 110 243 82
x0481 100 257 78
x0482 117 266 82
x0483 102 257 76
x0484 117 266 82
x0485 123 288 85
x0486 117 266 82
x0487 94 236 76
x0488 102 257 76
x0489 123 288 85
x0490 117 266 82
x0491 117 266 82
x0492 108 279 78
x0493 94 236 76
x0494 102 257 76
x0495 94 236 76
x0496 103 261 71
x0497 117 266 82
x0498 108 279 78
x0499 94 236 76
x0500 102 257 76
x0501 108 279 78
x0502 108 245 82
x0503 102 257 76
x0504 102 257 76
x0505 102 257 76
x0506 123 288 85
x0507 108 279 78
x0508 123 288 85
x0509 102 257 76
x0510 108 279 78
x0511 108 279 78
x0512 123 288 85
x0513 102 257 76
x0514 117 266 82
x0515 108 279 78
x0516 102 257 76
x0517 102 257 76
x0518 109 244 82
x0519 123 288 85
x0520 94 236 76
x0521 102 257 76
x0522 117 266 82
x0523 117 266 82
x0524 108 279 78
x0525 108 246 81
x0526 117 266 82
x0527 102 257 76
x0528 100 257 78
x0529 115 265 85
x0530 117 266 82
x0531 117 266 82
x0532 102 257 76
x0533 102 257 76
x0534 117 266 82
x0535 102 257 76
x0536 117 266 82
x0537 123 288 85
x0538 117 266 82
x0539 102 257 76
x0540 102 257 76
x0541 100 257 78
x0542 102 257 76
x0543 102 257 76
x0544 117 266 82
x0545 108 279 78
x0546 117 266 82
x0547 117 266 82
x0548 102 257 76
x0549 117 266 82
x0550 117 266 82
x0551 117 266 82
x0552 123 288 85
x0553 117 266 82
x0554 117 266 82
x0555 139 296 93
x0556 123 288 85
x0557 117 266 82
x0558 139 296 93
x0559 117 266 82
x0560 123 288 85
x0561 139 296 93
x0562 123 288 85
x0563 133 274 89
x0564 139 296 93
x0565 108 279 78
x0566 123 288 85
x0567 123 288 85
x0568 123 288 85
x0569 123 288 85
x0570 123 288 85
x0571 139 296 93
x0572 139 296 93
x0573 139 296 93
x0574 139 296 93
x0575 139 296 93
x0576 139 296 93
x0577 133 274 89
x0578 139 296 93
x0579 133 274 89
x0580 139 296 93
x0581 139 296 93
x0582 139 296 93
x0583 139 296 93
x0584 139 296 93
x0585 139 296 93
x0586 123 289 84
x0587 139 296 93
x0588 139 296 93
x0589 139 296 93
x0590 139 296 93
x0591 139 296 93
x0592 139 296 93
x0593 139 296 93
x0594 139 296 93
x0595 139 296 93
x0596 139 296 93
x0597 139 296 93
x0598 139 296 93
x0599 139 296 93
x0600 139 296 93
x0601 139 296 93
x0602 139 296 93
x0603 139 296 93
x0604 139 296 93
x0605 139 296 93
x0606 130 276 90
x0607 130 276 90
x0608 139 296 93
x0609 139 296 93
x0610 139 296 93
x0611 139 296 93
x0612 139 296 93
x0613 139 296 93
x0614 139 296 93
x0615 139 296 93
x0616 139 296 93
x0617 139 296 93
x0618 139 296 93
x0619 139 296 93
x0620 139 296 93
x0621 139 296 93
x0622 139 296 93
x0623 139 296 93
x0624 139 296 93
x0625 139 296 93
x0626 139 296 93
x0627 139 296 93
x0628 139 296 93
x0629 139 296 93
x0630 139 296 93
x0631 139 296 93
x0632 139 296 93
x0633 139 296 93
x0634 139 296 93
x0635 139 296 93
x0636 139 296 93
x0637 139 296 93
x0638 130 276 90
x0639 139 296 93
x0640 130 276 90
x0641 139 296 93
x0642 139 296 93
x0643 130 276 90
x0644 130 276 90
x0645 139 296 93
x0646 130 276 90
x0647 139 296 93
x0648 139 296 93
x0649 139 296 93
x0650 130 276 90
x0651 130 276 90
x0652 139 296 93
x0653 139 296 93
x0654 139 296 93
x0655 139 296 93
x0656 130 276 90
x0657 130 276 90
x0658 130 276 90
x0659 139 296 93
x0660 130 276 90
x0661 139 296 93
x0662 139 296 93
x0663 130 276 90
x0664 139 296 93
x0665 130 276 90
x0666 139 296 93
x0667 139 296 93
x0668 139 296 93
x0669 130 276 90
x0670 139 296 93
x0671 126 287 83
x0672 118 267 80
x0673 130 276 90
x0674 139 296 93
x0675 139 296 93
x0676 130 276 90
x0677 139 296 93
x0678 139 296 93
x0679 139 296 93
x0680 139 296 93
x0681 130 276 90
x0682 139 296 93
x0683 139 296 93
x0684 139 296 93
x0685 139 296 93
x0686 139 296 93
x0687 139 296 93
x0688 130 276 90
x0689 130 276 90
x0690 130 276 90
x0691 139 296 93
x0692 139 296 93
x0693 130 276 90
x0694 139 296 93
x0695 130 276 90
x0696 139 296 93
x0697 139 296 93
x0698 130 276 90
x0699 130 276 90
x0700 118 267 80
x0701 139 296 93
x0702 139 296 93
x0703 130 276 90
x0704 130 276 90
x0705 130 276 90
x0706 130 276 90
x0707 139 296 93
x0708 130 276 90
x0709 130 276 90
x0710 130 276 90
x0711 139 296 93
x0712 130 276 90
x0713 130 276 90
x0714 139 296 93
x0715 139 296 93
x0716 139 296 93
x0717 130 276 90
x0718 139 296 93
x0719 130 276 90
x0720 130 276 90
x0721 130 276 90
x0722 118 267 80
x0723 139 296 93
x0724 139 296 93
x0725 126 287 83
x0726 139 296 93
x0727 139 296 93
x0728 139 296 93
x0729 126 287 83
x0730 139 296 93
x0731 139 296 93
x0732 126 287 83
x0733 139 296 93
x0734 139 296 93
x0735 126 287 83
x0736 139 296 93
x0737 126 287 83
x0738 139 296 93
x0739 139 296 93
x0740 139 296 93
x0741 136 273 87
x0742 139 296 93
x0743 139 296 93
x0744 136 273 87
x0745 139 296 93
x0746 139 296 93
x0747 139 296 93
x0748 139 296 93
x0749 126 287 83
x0750 139 296 93
x0751 139 296 93
x0752 139 296 93
x0753 139 296 93
x0754 139 296 93
x0755 139 296 93
x0756 139 296 93
x0757 126 287 83
x0758 139 296 93
x0759 139 296 93
x0760 139 296 93
x0761 139 296 93
x0762 139 296 93
x0763 139 296 93
x0764 139 296 93
x0765 139 296 93
x0766 139 296 93
x0767 126 287 83
x0768 126 287 83
x0769 139 296 93
x0770 139 296 93
x0771 139 296 93
x0772 139 296 93
x0773 126 287 83
x0774 139 296 93
x0775 139 296 93
x0776 139 296 93
x0777 126 287 83
x0778 139 296 93
x0779 139 296 93
x0780 139 296 93
x0781 139 296 93
x0782 126 287 83
x0783 126 287 83
x0784 139 296 93
x0785 139 296 93
x0786 139 296 93
x0787 139 296 93
x0788 139 296 93
x0789 139 296 93
x0790 139 296 93
x0791 139 296 93
x0792 139 296 93
x0793 139 296 93
x0794 139 296 93
x0795 139 296 93
x0796 139 296 93
x0797 136 273 87
x0798 126 287 83
x0799 139 296 93
x0800 139 296 93
x0801 139 296 93
x0802 139 296 93
x0803 139 296 93
x0804 139 296 93
x0805 139 296 93
x0806 139 296 93
x0807 134 274 88
x0808 139 296 93
x0809 139 296 93
x0810 139 296 93
x0811 139 296 93
x0812 139 296 93
x0813 139 296 93
x0814 139 296 93
x0815 139 296 93
x0816 139 296 93
x0817 139 296 93
x0818 139 296 93
x0819 139 296 93
x0820 139 296 93
x0821 139 296 93
x0822 139 296 93
x0823 139 296 93
x0824 139 296 93
x0825 139 296 93
x0826 126 287 83
x0827 139 296 93
x0828 126 287 83
x0829 139 296 93
x0830 139 296 93
x0831 139 296 93
x0832 126 287 83
x0833 139 296 93
x0834 126 287 83
x0835 139 296 93
x0836 139 296 93
x0837 139 296 93
x0838 139 296 93
x0839 139 296 93
x0840 139 296 93
x0841 126 287 83
x0842 136 273 87
x0843 139 296 93
x0844 126 287 83
x0845 126 287 83
x0846 139 296 93
x0847 126 287 83
x0848 139 296 93
x0849 139 296 93
x0850 139 296 93
x0851 139 296 93
x0852 139 296 93
x0853 126 287 83
x0854 139 296 93
x0855 139 296 93
x0856 139 296 93
x0857 139 296 93
x0858 126 287 83
x0859 139 296 93
x0860 139 296 93
x0861 126 287 83
x0862 139 296 93
x0863 139 296 93
x0864 139 296 93
x0865 139 296 93
x0866 139 296 93
x0867 139 296 93
x0868 139 296 93
x0869 139 296 93
x0870 126 287 83
x0871 139 296 93
x0872 139 296 93
x0873 139 296 93
x0874 139 296 93
x0875 139 296 93
x0876 139 296 93
x0877 132 276 88
x0878 139 296 93
x0879 139 296 93
x0880 126 287 83
x0881 139 296 93
x0882 139 296 93
x0883 126 287 83
x0884 139 296 93
x0885 139 296 93
x0886 139 296 93
x0887 139 296 93
x0888 139 296 93
x0889 126 287 83
x0890 139 296 93
x0891 139 296 93
x0892 110 247 78
x0893 118 267 80
x0894 139 296 93
x0895 139 296 93
x0896 139 296 93
x0897 139 296 93
x0898 139 296 93
x0899 139 296 93
x0900 126 287 83
x0901 126 287 83
x0902 139 296 93
x0903 139 296 93
x0904 133 273 90
x0905 139 296 93
x0906 139 296 93
x0907 139 296 93
x0908 126 287 83
x0909 126 287 83
x0910 139 296 93
x0911 139 296 93
x0912 139 296 93
x0913 139 296 93
x0914 139 296 93
x0915 126 287 83
x0916 139 296 93
x0917 130 274 92
x0918 139 296 93
x0919 139 296 93
x0920 139 296 93
x0921 139 296 93
x0922 139 296 93
x0923 126 287 83
x0924 139 296 93
x0925 139 296 93
x0926 139 296 93
x0927 139 296 93
x0928 139 296 93
x0929 139 296 93
x0930 139 296 93
x0931 126 287 83
x0932 139 296 93
x0933 135 273 88
x0934 135 273 88
x0935 139 296 93
x0936 139 296 93
x0937 139 296 93
x0938 139 296 93
x0939 139 296 93
x0940 139 296 93
x0941 139 296 93
x0942 139 296 93
x0943 139 296 93
x0944 139 296 93
x0945 139 296 93
x0946 139 296 93
x0947 139 296 93
x0948 139 296 93
x0949 122 294 80
x0950 139 296 93
x0951 126 292 78
x0952 139 296 93
x0953 126 292 78
x0954 139 296 93
x0955 130 274 92
x0956 123 257 85
x0957 130 274 92
x0958 130 274 92
x0959 130 274 92
x0960 130 274 92
x0961 123 255 87
x0962 130 274 92
x0963 130 274 92
x0964 130 274 92
x0965 130 274 92
x0966 123 255 87
x0967 116 235 84
x0968 130 274 92
x0969 125 251 89
x0970 114 272 79
x0971 130 274 92
x0972 126 252 87
x0973 130 274 92
x0974 130 274 92
x0975 130 274 92
x0976 114 272 79
x0977 125 251 89
x0978 130 274 92
x0979 130 274 92
x0980 130 274 92
x0981 127 252 86
x0982 130 274 92
x0983 130 274 92
x0984 106 253 76
x0985 130 274 92
x0986 121 255 89
x0987 121 255 89
x0988 121 255 89
x0989 121 255 89
x0990 121 255 89
x0991 125 251 89
x0992 118 265 82
x0993 130 274 92
x0994 118 265 82
x0995 83 228 67
x0996 109 226 71
x0997 103 254 78
x0998 89 247 70
x0999 103 254 78
x1000 80 210 61
