x0000 16 136 1
x0001 37 282 6
x0002 40 250 10
x0003 41 327 10
x0004 68 294 16
x0005 78 280 20
x0006 142 332 22
x0007 145 359 24
x0008 70 294 14
x0009 138 350 40
x0010 128 313 24
x0011 140 362 26
x0012 128 312 25
x0013 101 288 17
x0014 79 346 10
x0015 78 265 8
x0016 159 305 32
x0017 181 418 31
x0018 113 331 21
x0019 136 400 25
x0020 211 448 44
x0021 221 458 62
x0022 174 356 31
x0023 201 346 48
x0024 203 423 40
x0025 192 318 51
x0026 221 354 55
x0027 178 419 33
x0028 257 419 65
x0029 158 334 36
x0030 249 518 94
x0031 231 488 61
x0032 265 570 68
x0033 171 535 35
x0034 170 436 60
x0035 241 419 81
x0036 269 508 84
x0037 238 520 62
x0038 294 616 80
x0039 261 538 62
x0040 241 589 73
x0041 243 549 69
x0042 197 492 52
x0043 279 763 86
x0044 282 767 79
x0045 294 761 73
x0046 370 897 111
x0047 375 859 92
x0048 295 806 75
x0049 311 773 92
x0050 393 923 115
x0051 418 795 113
x0052 549 956 148
x0053 447 1007 142
x0054 422 741 112
x0055 428 1004 108
x0056 460 914 111
x0057 543 1144 143
x0058 537 967 149
x0059 639 1018 173
x0060 736 1016 201
x0061 564 909 180
x0062 572 1027 171
x0063 496 847 142
x0064 618 926 167
x0065 671 966 193
x0066 732 1072 212
x0067 806 1217 188
x0068 695 1001 195
x0069 768 969 216
x0070 845 1190 243
x0071 857 1207 214
x0072 693 956 181
x0073 640 1003 187
x0074 779 1009 228
x0075 909 1210 227
x0076 766 1020 167
x0077 716 946 168
x0078 732 861 177
x0079 734 1068 214
x0080 619 817 160
x0081 831 1029 220
x0082 638 1025 167
x0083 707 947 176
x0084 713 971 207
x0085 779 1079 222
x0086 602 902 149
x0087 820 1104 221
x0088 770 986 197
x0089 693 955 182
x0090 688 859 164
x0091 794 901 196
x0092 712 986 193
x0093 829 910 214
x0094 858 1077 210
x0095 829 1090 226
x0096 637 904 170
x0097 861 972 247
x0098 834 983 199
x0099 645 832 176
x0100 816 1008 192
x0101 777 941 173
x0102 791 1025 200
x0103 807 1075 198
x0104 715 945 170
x0105 733 874 163
x0106 1018 1139 258
x0107 769 928 194
x0108 741 980 170
x0109 779 948 164
x0110 773 1097 210
x0111 715 1037 201
x0112 712 1044 197
x0113 908 1201 237
x0114 742 1185 218
x0115 788 999 229
x0116 828 1161 222
x0117 953 1391 284
x0118 945 1352 259
x0119 919 1171 256
x0120 891 1193 262
x0121 790 1036 190
x0122 898 1273 244
x0123 778 959 216
x0124 709 915 206
x0125 791 1020 269
x0126 807 1176 228
x0127 824 1129 258
x0128 937 1143 266
x0129 959 1212 314
x0130 925 1160 261
x0131 905 1186 255
x0132 804 945 267
x0133 814 1083 248
x0134 957 1234 294
x0135 897 1053 261
x0136 922 1175 318
x0137 806 1005 269
x0138 858 1089 264
x0139 926 1277 282
x0140 844 1108 259
x0141 918 1242 255
x0142 839 1073 233
x0143 857 986 237
x0144 925 1229 261
x0145 940 1129 277
x0146 841 1065 239
x0147 944 1260 281
x0148 949 1224 242
x0149 873 1174 299
x0150 880 999 266
x0151 981 1154 280
x0152 919 1179 317
x0153 892 1080 306
x0154 920 1059 299
x0155 1046 1324 331
x0156 903 1202 310
x0157 1139 1460 327
x0158 1014 1204 338
x0159 1039 1337 325
x0160 982 1288 286
x0161 945 1263 277
x0162 961 1214 310
x0163 947 1225 313
x0164 920 1343 293
x0165 1016 1368 317
x0166 851 1217 210
x0167 892 1127 259
x0168 826 1221 231
x0169 948 1270 267
x0170 1075 1291 262
x0171 891 1215 240
x0172 923 1117 238
x0173 774 980 199
x0174 737 1054 225
x0175 806 1037 237
x0176 727 882 221
x0177 714 952 225
x0178 833 1098 214
x0179 987 1246 252
x0180 1071 1242 243
x0181 1041 1250 265
x0182 1039 1244 273
x0183 977 1252 256
x0184 1029 1283 244
x0185 939 1183 224
x0186 843 1040 197
x0187 1036 1224 225
x0188 967 1255 193
x0189 818 966 169
x0190 876 999 205
x0191 831 953 169
x0192 946 1067 198
x0193 853 1020 207
x0194 1027 1213 245
x0195 942 1173 231
x0196 893 988 199
x0197 1071 1214 271
x0198 953 1112 213
x0199 952 965 228
x0200 941 1130 207
x0201 1182 1196 323
x0202 1064 1301 263
x0203 1135 1365 275
x0204 1221 1400 305
x0205 1275 1406 322
x0206 858 1069 218
x0207 1132 1286 283
x0208 1182 1298 295
x0209 1361 1432 367
x0210 1434 1356 370
x0211 1197 1272 306
x0212 1284 1345 297
x0213 1007 1141 267
x0214 1127 1281 293
x0215 1220 1342 288
x0216 1246 1431 326
x0217 1161 1300 314
x0218 1272 1502 307
x0219 1318 1417 346
x0220 1329 1535 376
x0221 1184 1281 310
x0222 1196 1413 317
x0223 1238 1352 336
x0224 1316 1473 371
x0225 1459 1435 346
x0226 1262 1380 361
x0227 1475 1609 402
x0228 1282 1327 317
x0229 1296 1428 357
x0230 1163 1317 295
x0231 1413 1455 372
x0232 1248 1263 264
x0233 1484 1622 380
x0234 1492 1810 353
x0235 1369 1588 364
x0236 1662 1988 445
x0237 1404 1725 357
x0238 1744 1918 433
x0239 1323 1538 299
x0240 1560 1757 338
x0241 1374 1537 329
x0242 1512 1961 355
x0243 1523 1650 397
x0244 1861 1779 455
x0245 1514 1711 345
x0246 1430 1722 334
x0247 1535 1901 392
x0248 1619 1937 360
x0249 1668 1947 390
x0250 1823 1981 474
x0251 1596 2097 402
x0252 1737 2120 421
x0253 1761 2115 402
x0254 1659 1884 373
x0255 1716 1866 423
x0256 1724 2140 414
x0257 1697 2352 416
x0258 1668 2019 408
x0259 1523 1871 347
x0260 1554 2101 350
x0261 1619 1847 362
x0262 1542 1965 409
x0263 1667 2005 423
x0264 1559 1892 377
x0265 1733 1943 419
x0266 1353 1867 350
x0267 1388 2071 369
x0268 1388 1848 334
x0269 1398 1921 336
x0270 1319 2016 320
x0271 1650 2105 431
x0272 1343 1806 337
x0273 1207 1760 273
x0274 1456 2170 379
x0275 1252 2001 317
x0276 1487 1960 381
x0277 1508 2103 394
x0278 1547 2117 431
x0279 1655 1847 414
x0280 1600 2159 427
x0281 1573 2193 420
x0282 1180 2075 315
x0283 1545 2147 403
x0284 1411 2085 420
x0285 1424 2090 402
x0286 1482 2012 422
x0287 1521 2163 411
x0288 1628 2243 407
x0289 1641 2227 410
x0290 1869 2396 488
x0291 1596 2180 410
x0292 1830 2062 479
x0293 1667 1997 431
x0294 1783 2052 536
x0295 1638 2102 446
x0296 1625 2068 402
x0297 1789 2095 487
x0298 2038 2185 530
x0299 1952 2093 515
x0300 1872 2110 483
x0301 1613 1954 438
x0302 1692 1990 413
x0303 1901 2283 569
x0304 1785 2198 482
x0305 1962 2283 508
x0306 1746 2317 497
x0307 1957 2545 548
x0308 1686 2381 493
x0309 1628 2342 495
x0310 1720 2334 506
x0311 1500 2348 430
x0312 1722 2449 485
x0313 1648 2444 468
x0314 1598 2254 426
x0315 1824 2378 551
x0316 1625 2382 458
x0317 1574 2346 451
x0318 1617 2319 435
x0319 1538 2242 406
x0320 1731 2500 522
x0321 1706 2308 451
x0322 1998 2517 535
x0323 1712 2481 463
x0324 1661 2419 480
x0325 1760 2401 495
x0326 1972 2681 498
x0327 1992 2583 576
x0328 1754 2189 428
x0329 1616 2160 410
x0330 1585 2093 417
x0331 1572 2092 431
x0332 1526 2085 394
x0333 1461 1966 401
x0334 1507 2061 437
x0335 1463 2002 363
x0336 1685 2159 434
x0337 1590 1900 426
x0338 1420 1935 386
x0339 1557 2053 395
x0340 1737 2257 471
x0341 1647 2272 452
x0342 1960 2481 509
x0343 1882 2260 514
x0344 1399 1986 443
x0345 1859 2169 532
x0346 1835 2230 495
x0347 1695 2120 463
x0348 1808 2319 529
x0349 1371 2107 438
x0350 1377 1947 417
x0351 1707 2266 492
x0352 1658 2351 456
x0353 1718 2566 469
x0354 1827 2483 541
x0355 1624 2379 462
x0356 1700 2420 536
x0357 1611 2089 486
x0358 1497 2066 442
x0359 1565 2078 452
x0360 1337 2068 423
x0361 1516 2175 404
x0362 1542 2263 473
x0363 1628 2437 495
x0364 1801 2270 489
x0365 1601 2369 495
x0366 1605 2047 443
x0367 1753 2562 536
x0368 1658 2322 485
x0369 1536 2206 444
x0370 1726 2408 522
x0371 1910 2668 573
x0372 1344 2315 436
x0373 1822 2384 547
x0374 1873 2382 596
x0375 1833 2590 527
x0376 1996 2339 615
x0377 2190 2457 709
x0378 2157 2636 667
x0379 2162 2429 662
x0380 2212 2768 691
x0381 2202 2669 694
x0382 2216 2588 761
x0383 2063 2337 650
x0384 2030 2692 634
x0385 2006 2305 639
x0386 1747 2562 542
x0387 2117 2637 706
x0388 2093 2635 732
x0389 1966 2584 601
x0390 2164 2746 655
x0391 1940 2534 576
x0392 1520 2223 535
x0393 2116 2723 726
x0394 1912 2491 647
x0395 2131 2451 671
x0396 2138 2484 631
x0397 2249 2608 708
x0398 2150 2541 665
x0399 2009 2445 596
x0400 2151 2270 629
x0401 2221 2670 674
x0402 2110 2589 657
x0403 2195 2662 708
x0404 2352 2853 681
x0405 2234 2649 682
x0406 2217 2749 599
x0407 2336 2723 719
x0408 1960 2384 606
x0409 2132 2495 729
x0410 2092 2340 719
x0411 2439 2874 792
x0412 2346 2598 727
x0413 2214 2605 746
x0414 2443 2949 824
x0415 2044 2577 632
x0416 2103 2554 699
x0417 2112 2326 612
x0418 2015 2356 579
x0419 2368 2803 715
x0420 2156 2604 700
x0421 2186 2758 727
x0422 2452 2790 753
x0423 2299 2600 772
x0424 2169 2501 686
x0425 2470 2616 692
x0426 2174 2522 660
x0427 2158 2517 681
x0428 2053 2555 645
x0429 2421 2723 742
x0430 2264 2546 650
x0431 2003 2466 581
x0432 2168 2457 628
x0433 2259 2599 602
x0434 2260 2634 671
x0435 1983 2373 594
x0436 1841 2380 630
x0437 2230 2537 693
x0438 2080 2335 635
x0439 2445 2761 789
x0440 2512 2796 797
x0441 2467 2811 717
x0442 2249 2600 716
x0443 2112 2458 683
x0444 2221 2595 749
x0445 2581 2865 770
x0446 2473 2682 731
x0447 2536 2797 772
x0448 2310 2620 741
x0449 2252 2460 644
x0450 2324 2628 719
x0451 2343 2707 728
x0452 2292 2581 692
x0453 2417 2766 703
x0454 2242 2639 684
x0455 2225 2606 734
x0456 2529 2850 726
x0457 2413 2836 746
x0458 2324 2728 726
x0459 2207 2555 698
x0460 2258 2684 729
x0461 2443 2687 756
x0462 2226 2603 736
x0463 2042 2579 735
x0464 2099 2571 686
x0465 2176 2632 652
x0466 2347 2656 775
x0467 2195 2660 710
x0468 2285 2750 743
x0469 1887 2319 645
x0470 2288 2605 672
x0471 2232 2674 659
x0472 2054 2340 656
x0473 1989 2271 690
x0474 2168 2434 651
x0475 2075 2369 707
x0476 2006 2414 630
x0477 2269 2669 733
x0478 2273 2548 744
x0479 2328 2698 752
x0480 2492 2871 742
x0481 2250 2608 707
x0482 2216 2632 717
x0483 2060 2479 714
x0484 2073 2547 633
x0485 2174 2593 693
x0486 2151 2582 727
x0487 2027 2433 691
x0488 2274 2682 715
x0489 2185 2484 687
x0490 2327 2704 747
x0491 2421 2774 691
x0492 2164 2515 781
x0493 2068 2415 668
x0494 2079 2642 739
x0495 1879 2283 689
x0496 1922 2427 701
x0497 2268 2671 732
x0498 2352 2754 780
x0499 2195 2599 771
x0500 2347 2612 712
x0501 2085 2581 690
x0502 2418 2605 755
x0503 2617 2955 756
x0504 2507 2775 713
x0505 2590 2862 764
x0506 2318 2944 733
x0507 2435 2820 740
x0508 2515 2807 783
x0509 2451 2812 732
x0510 2483 2847 775
x0511 2454 2800 741
x0512 2322 2700 756
x0513 2204 2762 705
x0514 2192 2562 706
x0515 2418 2798 779
x0516 2344 2746 688
x0517 2167 2606 687
x0518 2240 2570 755
x0519 2448 2828 719
x0520 1961 2381 608
x0521 2068 2479 706
x0522 2294 2590 787
x0523 2017 2559 677
x0524 1975 2361 714
x0525 2156 2573 731
x0526 2098 2620 742
x0527 2068 2400 683
x0528 1916 2438 696
x0529 2014 2435 702
x0530 1967 2321 662
x0531 2098 2516 742
x0532 2144 2699 722
x0533 1890 2289 672
x0534 2155 2580 725
x0535 1958 2602 693
x0536 1854 2238 661
x0537 2336 2757 793
x0538 2075 2445 733
x0539 2443 2690 753
x0540 2014 2409 728
x0541 2180 2541 739
x0542 2159 2501 696
x0543 2247 2516 697
x0544 2017 2376 657
x0545 1979 2475 697
x0546 2043 2309 698
x0547 2548 2717 840
x0548 2106 2494 653
x0549 2669 3009 763
x0550 2379 2680 719
x0551 2484 2884 737
x0552 2631 2836 749
x0553 2611 2808 797
x0554 2385 2752 749
x0555 2209 2564 687
x0556 2483 2560 735
x0557 2095 2365 590
x0558 2461 2781 753
x0559 2337 2631 703
x0560 2572 2883 761
x0561 2393 2661 724
x0562 2278 2771 729
x0563 2321 2742 715
x0564 2339 2728 711
x0565 2415 2756 715
x0566 2344 2636 691
x0567 2720 3019 816
x0568 2557 2815 733
x0569 2432 2731 723
x0570 2397 2767 722
x0571 2362 2818 706
x0572 2410 2698 670
x0573 2401 2682 695
x0574 2280 2653 632
x0575 2324 2731 723
x0576 2261 2480 719
x0577 2369 2583 719
x0578 2327 2652 692
x0579 2262 2425 669
x0580 2475 2757 763
x0581 2342 2581 748
x0582 2327 2480 758
x0583 2170 2495 691
x0584 2352 2629 690
x0585 2404 2843 748
x0586 2521 2706 768
x0587 2365 2735 678
x0588 2399 2651 728
x0589 2442 2446 783
x0590 2334 2482 749
x0591 2112 2493 648
x0592 2079 2302 669
x0593 2082 2395 674
x0594 1894 2382 575
x0595 2027 2292 631
x0596 2014 2388 648
x0597 2151 2414 688
x0598 2012 2230 708
x0599 2306 2697 775
x0600 2111 2361 679
x0601 1875 2481 694
x0602 2022 2338 690
x0603 2471 2629 786
x0604 2143 2426 684
x0605 1953 2332 665
x0606 2214 2404 738
x0607 2112 2340 699
x0608 2242 2478 740
x0609 2002 2401 647
x0610 2089 2536 628
x0611 2005 2211 635
x0612 1914 2421 615
x0613 2039 2443 669
x0614 2359 2700 719
x0615 2406 2753 727
x0616 2238 2645 682
x0617 2396 2602 780
x0618 2375 2568 728
x0619 2319 2518 728
x0620 2395 2732 759
x0621 2337 2695 746
x0622 2041 2534 678
x0623 2366 2437 762
x0624 2151 2640 669
x0625 2196 2402 655
x0626 1947 2402 601
x0627 2236 2641 688
x0628 2064 2582 607
x0629 2202 2604 654
x0630 1926 2523 601
x0631 2286 2433 741
x0632 2374 2692 712
x0633 1992 2284 674
x0634 2228 2375 650
x0635 2371 2773 742
x0636 2002 2558 591
x0637 2148 2459 646
x0638 2357 2584 730
x0639 2431 2874 800
x0640 2611 2924 793
x0641 2216 2394 746
x0642 2338 2566 767
x0643 2335 2745 806
x0644 2444 2503 831
x0645 2669 2823 836
x0646 2647 3018 890
x0647 2496 2803 806
x0648 2538 2505 843
x0649 2587 2534 874
x0650 2631 2772 813
x0651 2757 2664 907
x0652 2724 2696 796
x0653 2720 2837 884
x0654 2561 2751 793
x0655 2775 2747 919
x0656 2552 2830 834
x0657 2599 2661 845
x0658 2827 3069 890
x0659 2375 2590 706
x0660 2636 2530 829
x0661 2488 2775 842
x0662 2405 2721 760
x0663 2606 2781 829
x0664 2402 2712 772
x0665 2431 2963 711
x0666 2609 2695 801
x0667 2504 2815 786
x0668 2682 2783 863
x0669 2390 2805 800
x0670 2470 2640 776
x0671 2420 2389 756
x0672 2394 2553 724
x0673 2620 2875 833
x0674 2524 2685 786
x0675 2475 2882 748
x0676 2645 2729 842
x0677 2398 2706 782
x0678 2773 3030 867
x0679 2608 2699 798
x0680 2655 2844 829
x0681 2463 2645 778
x0682 2552 2867 797
x0683 2512 2826 767
x0684 2496 2854 755
x0685 2416 2633 729
x0686 2572 2770 763
x0687 2397 2730 759
x0688 2518 2919 779
x0689 2333 2731 714
x0690 2449 2583 746
x0691 2440 2619 719
x0692 2327 2512 726
x0693 2627 2890 811
x0694 2607 2910 811
x0695 2529 2583 774
x0696 2470 2697 719
x0697 2730 3063 993
x0698 2631 2928 882
x0699 2651 2903 887
x0700 2498 2927 903
x0701 2426 2539 706
x0702 2167 2742 869
x0703 2577 3094 884
x0704 2667 2828 833
x0705 2293 2812 781
x0706 2786 2952 1048
x0707 2785 2640 1016
x0708 2261 2610 800
x0709 2562 2888 991
x0710 2672 2902 981
x0711 2426 2808 871
x0712 2493 2572 821
x0713 2799 2667 1089
x0714 2253 2566 852
x0715 2431 2585 979
x0716 2218 2628 825
x0717 2345 2595 838
x0718 2338 2767 890
x0719 2380 2362 823
x0720 2441 2619 935
x0721 2334 2644 908
x0722 2298 2746 842
x0723 2272 2534 972
x0724 2327 2486 858
x0725 2174 2565 826
x0726 2162 2481 922
x0727 2195 2294 867
x0728 2209 2453 903
x0729 2313 2569 896
x0730 2100 2293 860
x0731 1977 2233 840
x0732 2149 2447 864
x0733 2490 2593 1022
x0734 2167 2396 897
x0735 2035 2430 788
x0736 2345 2718 932
x0737 2303 2681 902
x0738 2224 2365 976
x0739 1961 2301 889
x0740 1631 1938 617
x0741 1832 2086 642
x0742 2098 2363 792
x0743 2015 2462 776
x0744 2375 2541 970
x0745 2029 2420 804
x0746 2344 2606 936
x0747 2109 2322 822
x0748 2413 2678 904
x0749 2347 2322 896
x0750 2281 2502 888
x0751 2295 2473 903
x0752 2162 2567 836
x0753 2218 2589 864
x0754 2282 2599 897
x0755 2306 2562 910
x0756 2216 2624 831
x0757 2054 2408 791
x0758 2346 2211 903
x0759 2590 2771 967
x0760 2532 2705 979
x0761 2334 2634 918
x0762 2264 2803 928
x0763 2183 2644 844
x0764 2315 2584 879
x0765 2161 2468 831
x0766 2207 2362 891
x0767 2617 2961 977
x0768 2175 2391 894
x0769 2214 2461 890
x0770 2326 2472 980
x0771 2430 2563 1002
x0772 2259 2464 948
x0773 2313 2633 940
x0774 1865 2173 813
x0775 2100 2283 768
x0776 2354 2538 886
x0777 2409 2508 969
x0778 2097 2175 778
x0779 2170 2234 849
x0780 2126 2222 905
x0781 2117 2369 870
x0782 1752 2098 710
x0783 1820 2293 738
x0784 1730 1955 686
x0785 2083 2030 738
x0786 2325 2473 873
x0787 1903 2121 729
x0788 2160 2178 813
x0789 2144 2397 815
x0790 2047 2354 750
x0791 2188 2373 795
x0792 2365 2707 814
x0793 2310 1959 882
x0794 2328 2402 941
x0795 2061 2340 852
x0796 2371 2595 920
x0797 2211 2044 795
x0798 2071 2274 806
x0799 2050 2258 742
x0800 2332 2341 892
x0801 2357 2735 903
x0802 2679 2418 1008
x0803 2077 2421 755
x0804 2080 2452 824
x0805 2209 2433 923
x0806 2477 2915 936
x0807 2255 2481 829
x0808 2181 2407 872
x0809 2099 2324 830
x0810 2366 2211 883
x0811 2147 2317 789
x0812 2383 2554 841
x0813 2178 2563 824
x0814 2408 2669 918
x0815 2434 2922 972
x0816 2548 2759 909
x0817 2475 2743 887
x0818 2365 2667 854
x0819 2312 2459 900
x0820 2372 2591 923
x0821 2341 2667 987
x0822 2335 2628 923
x0823 2056 2485 919
x0824 1940 2477 836
x0825 2151 2360 845
x0826 2253 2631 894
x0827 2378 2563 945
x0828 2239 2772 875
x0829 2537 2893 1011
x0830 1951 2364 735
x0831 2114 2539 807
x0832 2067 2354 730
x0833 2151 2534 775
x0834 2375 2722 898
x0835 2286 2249 925
x0836 2181 2603 887
x0837 1995 2420 736
x0838 2193 2735 850
x0839 2357 2643 995
x0840 2311 2580 887
x0841 2152 2389 815
x0842 2391 2594 1010
x0843 2278 2501 892
x0844 2145 2338 770
x0845 2246 2322 892
x0846 2197 2527 947
x0847 2400 2691 904
x0848 2272 2294 894
x0849 2176 2210 867
x0850 2100 2287 866
x0851 2244 2442 879
x0852 2177 2175 799
x0853 2257 2671 958
x0854 2242 2452 871
x0855 2338 2536 904
x0856 2053 2300 798
x0857 2289 2707 890
x0858 2311 2461 899
x0859 2494 2602 1009
x0860 2272 2629 877
x0861 2311 2630 945
x0862 2415 2468 1003
x0863 2394 2644 957
x0864 2480 2660 965
x0865 2233 2605 940
x0866 2385 2674 936
x0867 2545 2701 970
x0868 2149 2580 836
x0869 2565 2732 919
x0870 2428 2734 943
x0871 2304 2664 918
x0872 2513 2730 973
x0873 2574 2803 951
x0874 2540 2606 959
x0875 2226 2611 834
x0876 2128 2412 816
x0877 2479 2425 874
x0878 2442 2737 926
x0879 2236 2463 866
x0880 2263 2716 799
x0881 2219 2587 865
x0882 2435 2531 920
x0883 2423 2641 931
x0884 2460 2756 889
x0885 2417 2467 894
x0886 2522 2843 963
x0887 2516 2804 1008
x0888 2151 2424 885
x0889 2126 2565 874
x0890 2314 2553 911
x0891 2595 2781 1065
x0892 2469 2792 844
x0893 2242 2838 915
x0894 2343 2544 891
x0895 2368 2730 897
x0896 2681 2775 985
x0897 2188 2634 849
x0898 2205 2231 817
x0899 2300 2506 865
x0900 2252 2648 878
x0901 2340 2733 813
x0902 2085 2728 858
x0903 2167 2427 762
x0904 2226 2442 897
x0905 2185 2768 825
x0906 2405 2697 893
x0907 2568 2739 1021
x0908 2265 2475 825
x0909 2361 2474 836
x0910 2491 2813 1024
x0911 2261 2597 920
x0912 2329 2540 909
x0913 2499 2538 849
x0914 2490 2706 909
x0915 2335 2544 899
x0916 2420 2671 904
x0917 2025 2350 776
x0918 2437 2657 901
x0919 2356 2892 857
x0920 2309 2624 953
x0921 2491 2731 883
x0922 2265 2678 835
x0923 2535 3087 933
x0924 2418 2694 883
x0925 2473 2710 812
x0926 2569 2810 949
x0927 2329 2611 838
x0928 2458 2230 983
x0929 2501 2647 957
x0930 2586 2728 1014
x0931 2211 2581 773
x0932 2516 2689 1011
x0933 2526 2607 972
x0934 2405 2541 940
x0935 2128 2323 905
x0936 2143 2486 831
x0937 2615 2761 952
x0938 2445 2250 976
x0939 2474 2789 842
x0940 2513 2900 915
x0941 2515 2661 929
x0942 2251 2734 901
x0943 2540 2789 887
x0944 2419 2601 866
x0945 2766 2823 966
x0946 2153 2409 794
x0947 2257 2727 794
x0948 2463 3010 855
x0949 2550 2720 835
x0950 2192 2321 740
x0951 2270 2421 769
x0952 2306 2369 681
x0953 2063 2120 668
x0954 2116 2399 738
x0955 1829 1874 575
x0956 1490 1681 484
x0957 1844 1931 690
x0958 1863 1995 702
x0959 1633 1948 514
x0960 1767 2120 673
x0961 1800 1977 688
x0962 1688 2027 656
x0963 1543 1997 555
x0964 1575 1919 601
x0965 1589 1877 539
x0966 1555 1531 569
x0967 1623 1943 620
x0968 1955 1988 617
x0969 1642 1884 660
x0970 2009 1978 669
x0971 2039 2033 681
x0972 1990 1991 675
x0973 2017 2145 689
x0974 2183 2066 801
x0975 1936 1717 718
x0976 2384 2164 808
x0977 1763 1914 694
x0978 1966 2088 699
x0979 1976 2357 717
x0980 1949 1763 659
x0981 1742 1886 558
x0982 2142 2161 747
x0983 1943 2120 690
x0984 2009 2300 741
x0985 2268 2124 759
x0986 2073 2212 765
x0987 2000 2131 720
x0988 2194 2139 617
x0989 2316 2115 822
x0990 1839 1843 596
x0991 1947 2101 608
x0992 1987 2004 569
x0993 2121 2136 693
x0994 1952 1833 586
x0995 1860 1672 563
x0996 1830 1584 502
x0997 1578 1502 490
x0998 1786 1653 477
x0999 1647 1562 446
x1000 1549 1500 437
