x0000 9070 16779 2592
x0001 9631 16892 2157
x0002 10507 16135 2519
x0003 9619 16487 2574
x0004 11618 16574 3183
x0005 11475 15813 3093
x0006 10979 15525 3142
x0007 9934 14825 2971
x0008 10897 13195 2936
x0009 9295 13445 2236
x0010 9423 14282 2630
x0011 10911 14351 3418
x0012 11807 16032 3286
x0013 9536 14921 3273
x0014 10559 14563 4039
x0015 10270 13664 3796
x0016 10338 16843 3944
x0017 8902 13084 3665
x0018 8023 13981 3421
x0019 9315 16085 4246
x0020 11057 16956 4372
x0021 9392 14618 3485
x0022 10320 18416 3649
x0023 10138 14791 3274
x0024 8049 13948 2756
x0025 8092 13127 2652
x0026 8202 11819 2770
x0027 9397 14006 2932
x0028 9674 15928 3559
x0029 9241 14165 3622
x0030 11170 14165 4800
x0031 11030 14893 4458
x0032 10571 15782 4523
x0033 11180 13851 4372
x0034 11127 13097 4696
x0035 10900 14874 4854
x0036 10286 13021 4659
x0037 12031 14620 6245
x0038 11456 12921 5269
x0039 8876 11971 4129
x0040 9802 11496 4353
x0041 10731 12568 4667
x0042 12595 15418 4883
x0043 9785 10137 3731
x0044 11344 15352 4930
x0045 9838 12584 4606
x0046 9926 12875 4227
x0047 10697 10401 4327
x0048 9242 12085 4324
x0049 9598 13807 4561
x0050 10715 12280 4500
x0051 10106 11394 4378
x0052 13433 14594 4869
x0053 9892 13291 4312
x0054 11519 12123 4799
x0055 12100 12441 4139
x0056 11531 12023 4176
x0057 11084 12153 4966
x0058 10678 12467 4350
x0059 9762 12095 3343
x0060 8700 11274 3679
x0061 8979 11426 3466
x0062 10225 11929 3724
x0063 8797 13054 3349
x0064 9216 14244 3801
x0065 10163 15504 4714
x0066 9885 15476 3800
x0067 12160 16387 4606
x0068 9885 12345 3648
x0069 10647 14527 3746
x0070 10188 15316 3899
x0071 11576 16354 4455
x0072 10545 15006 4830
x0073 11169 16677 4285
x0074 10917 13816 3708
x0075 11970 15230 3925
x0076 12329 16431 4393
x0077 10703 13480 3783
x0078 12585 16294 4532
x0079 9851 12428 3827
x0080 9392 13530 3643
x0081 8487 15063 3711
x0082 11108 15435 4333
x0083 14472 17536 5393
x0084 11268 16201 5171
x0085 11617 15401 4608
x0086 11164 13639 5087
x0087 10140 15398 4597
x0088 12693 15586 5132
x0089 10693 15916 4766
x0090 9926 14271 4244
x0091 12142 15590 4908
x0092 12073 17734 5173
x0093 12495 17150 4808
x0094 12529 16803 5648
x0095 12742 17446 5323
x0096 11624 15974 4787
x0097 11974 15565 5101
x0098 12734 15065 4841
x0099 12081 15681 5134
x0100 13498 15374 6108
x0101 13800 17607 6268
x0102 10757 16488 4633
x0103 12247 15273 5120
x0104 12255 16908 5817
x0105 13087 16404 5489
x0106 11737 16501 4915
x0107 10761 14459 4670
x0108 11978 17574 4901
x0109 9918 14650 4112
x0110 12144 16934 4592
x0111 10041 15186 4419
x0112 10079 14845 4479
x0113 8795 13034 4277
x0114 10781 15159 5686
x0115 8772 12155 4049
x0116 9208 16028 5145
x0117 9234 13525 3576
x0118 9242 12885 4438
x0119 10019 14538 5089
x0120 7375 13404 3752
x0121 11039 15653 5693
x0122 8989 15469 5188
x0123 11494 17113 5846
x0124 11299 15835 6019
x0125 11486 16582 6648
x0126 8928 15430 4322
x0127 10383 14499 5994
x0128 11180 16778 6495
x0129 8808 14479 4443
x0130 9138 14697 4606
x0131 9736 16716 4923
x0132 9644 12071 4163
x0133 9732 13952 4996
x0134 8557 12716 5062
x0135 9792 13719 4930
x0136 10558 14812 5506
x0137 10097 13687 5377
x0138 8084 11938 4068
x0139 8989 14431 4783
x0140 8349 12697 4379
x0141 7078 11332 4381
x0142 9373 14469 5078
x0143 7158 11544 3876
x0144 8920 13308 4800
x0145 6410 11199 4127
x0146 7192 13327 4234
x0147 7856 11806 4648
x0148 8346 13628 5054
x0149 8513 14264 5664
x0150 7336 11824 4711
x0151 8974 12480 5342
x0152 8060 12011 4905
x0153 7422 11798 4433
x0154 7633 12663 4014
x0155 6905 12642 3458
x0156 5879 9464 2802
x0157 7767 12007 3231
x0158 7412 11184 3559
x0159 8778 11782 3530
x0160 6234 11169 3303
x0161 8169 12385 3756
x0162 9139 13267 4159
x0163 7139 12491 3590
x0164 6153 10201 3546
x0165 6958 12409 3638
x0166 7492 12037 3691
x0167 8911 14688 5081
x0168 5945 11172 3589
x0169 8638 12358 4655
x0170 8196 12160 4175
x0171 8521 11483 4972
x0172 7815 12295 4421
x0173 8460 10501 3830
x0174 7303 11001 4062
x0175 8388 11418 4284
x0176 6976 9233 3691
x0177 7256 9533 3512
x0178 5133 9225 3220
x0179 7974 12369 4188
x0180 6948 10504 3663
x0181 8812 10710 4788
x0182 7771 11201 4248
x0183 8023 12379 4574
x0184 8224 12329 4200
x0185 8496 11806 3788
x0186 7096 11942 3328
x0187 7333 11265 3557
x0188 9459 14783 4438
x0189 9491 16352 4047
x0190 8519 14650 4326
x0191 7590 12310 3536
x0192 8338 13543 3770
x0193 8394 12074 4508
x0194 9514 14277 4650
x0195 9256 11829 3891
x0196 7905 9878 3745
x0197 7062 9259 4182
x0198 9335 13003 3768
x0199 10097 13958 4865
x0200 8288 11959 3843
x0201 10287 11297 5212
x0202 8588 10462 4170
x0203 9257 13343 4196
x0204 8744 11092 3817
x0205 9683 13340 4472
x0206 7722 11161 3908
x0207 8699 10700 4472
x0208 8821 10416 3768
x0209 9665 10945 3921
x0210 7816 11527 4310
x0211 7485 10568 3268
x0212 7356 9521 3424
x0213 6990 10192 3321
x0214 8197 10603 3778
x0215 7737 10826 3803
x0216 8700 10875 4296
x0217 8116 10752 4568
x0218 8282 10693 4245
x0219 8402 11352 3466
x0220 9093 10793 4204
x0221 7618 9707 3585
x0222 8813 10950 3890
x0223 7462 10311 3548
x0224 8336 10194 3836
x0225 6983 8135 2837
x0226 8850 11601 3859
x0227 7700 10266 3770
x0228 9435 10595 3841
x0229 6943 7787 3036
x0230 7552 9919 3032
x0231 10324 12010 4231
x0232 6205 10285 2620
x0233 9353 12805 4638
x0234 8482 15806 4873
x0235 5933 10297 2880
x0236 5758 9915 2663
x0237 7604 12818 3231
x0238 6483 9867 2565
x0239 7468 11367 2901
x0240 7253 11023 3669
x0241 6677 10813 3013
x0242 7004 11766 3175
x0243 6980 8799 2366
x0244 7087 9739 2875
x0245 7611 12108 3717
x0246 5582 9319 2865
x0247 8067 10271 3817
x0248 8696 11103 4072
x0249 6454 9760 2896
x0250 8839 13613 3883
x0251 7444 12769 3877
x0252 8434 12375 3944
x0253 7894 11814 3728
x0254 8709 12389 3655
x0255 6770 10946 3399
x0256 7922 13808 4148
x0257 8561 13976 3569
x0258 8269 13164 4445
x0259 7625 12726 4180
x0260 8472 12168 4336
x0261 7958 13878 4042
x0262 7527 13795 3654
x0263 6732 12485 3788
x0264 7115 13700 3495
x0265 6157 10999 3145
x0266 5293 10590 3227
x0267 6550 12780 4106
x0268 6340 10536 3224
x0269 7248 12766 3857
x0270 6270 10702 2928
x0271 6059 9590 3072
x0272 7543 14697 3866
x0273 8427 14860 3741
x0274 5661 11706 2533
x0275 7103 12284 3833
x0276 5579 11820 3104
x0277 6360 11449 3306
x0278 6161 12144 3223
x0279 7373 14811 3467
x0280 6572 11880 3284
x0281 7545 12663 3882
x0282 5825 11362 2913
x0283 7007 13840 3463
x0284 5719 12949 3698
x0285 6645 11263 3002
x0286 6039 9367 3122
x0287 7164 14264 3997
x0288 6841 12906 3473
x0289 7751 14658 4156
x0290 7390 12983 3498
x0291 6890 12650 3251
x0292 7053 12025 3288
x0293 6544 9533 3033
x0294 7965 11197 3629
x0295 8254 10714 3398
x0296 7993 11198 4245
x0297 6682 10661 3363
x0298 8841 11907 4452
x0299 7598 11372 3608
x0300 6119 9962 3029
x0301 7437 13272 3601
x0302 7881 12023 3967
x0303 7007 10348 3555
x0304 6490 12289 3587
x0305 7274 11686 3406
x0306 8439 13348 4778
x0307 7461 13705 4485
x0308 8173 13644 4289
x0309 9729 15526 5126
x0310 7576 12886 4291
x0311 6877 12054 3435
x0312 7517 13235 4224
x0313 8480 14059 4956
x0314 6572 11163 3586
x0315 7693 12885 4622
x0316 8029 12388 4114
x0317 7857 11321 4258
x0318 7083 11467 3395
x0319 7793 12175 3685
x0320 9581 12370 4155
x0321 7149 10250 3511
x0322 9041 11434 4056
x0323 9866 12960 4904
x0324 6804 9296 3601
x0325 8364 12143 4246
x0326 9325 13575 4128
x0327 8176 11719 3976
x0328 7813 9411 3279
x0329 9236 9940 3829
x0330 8550 10452 2943
x0331 7345 8221 2962
x0332 6662 8951 2723
x0333 6586 8291 3078
x0334 7876 8686 3538
x0335 7217 10421 3068
x0336 6030 8436 2554
x0337 6717 9355 3038
x0338 8051 10487 3828
x0339 7998 9372 3540
x0340 7510 11014 3212
x0341 6350 8921 3644
x0342 7106 9578 3617
x0343 7534 9288 3884
x0344 6749 8747 3419
x0345 6557 7389 3074
x0346 8270 9254 4212
x0347 6822 8365 3341
x0348 6771 8567 3772
x0349 6395 8545 3588
x0350 6397 8718 3606
x0351 6878 9995 3833
x0352 7235 10478 4023
x0353 6886 10116 4526
x0354 8032 8836 4042
x0355 7193 7625 3518
x0356 6955 9612 3734
x0357 8935 11698 5473
x0358 7316 9544 3441
x0359 7002 8474 3830
x0360 7943 9383 4202
x0361 7853 10997 4586
x0362 8547 9646 3962
x0363 6761 8366 3983
x0364 7396 10362 3770
x0365 7687 10253 4426
x0366 6824 9701 3776
x0367 7705 10604 4482
x0368 6978 8899 3626
x0369 7552 9748 4021
x0370 8344 12473 4608
x0371 7098 9666 3336
x0372 9397 10825 4088
x0373 8415 10857 3948
x0374 7766 9989 3566
x0375 7481 9901 3733
x0376 7969 9789 4397
x0377 6856 8903 3744
x0378 7954 8782 4585
x0379 7916 9122 3263
x0380 8168 10443 4394
x0381 7078 8349 3879
x0382 9450 10751 4999
x0383 8235 10986 3999
x0384 6393 9605 3505
x0385 6279 9617 3019
x0386 8508 10368 3915
x0387 7724 8918 3458
x0388 6816 9231 3063
x0389 7908 8269 3723
x0390 7114 11004 3618
x0391 7456 8998 3247
x0392 7999 10946 3421
x0393 7654 9273 4188
x0394 7194 9740 3166
x0395 8711 10734 4208
x0396 7536 7929 2871
x0397 9342 11560 4523
x0398 6790 9163 3353
x0399 8323 10338 3494
x0400 8173 10860 3333
x0401 6619 8429 3097
x0402 6478 8892 2775
x0403 8991 11106 3556
x0404 9792 11639 3322
x0405 9005 11534 3771
x0406 8806 10392 3807
x0407 9864 11576 4438
x0408 8330 10496 3752
x0409 7701 12729 3660
x0410 9647 11117 4436
x0411 9951 10480 4545
x0412 8438 11611 3822
x0413 8740 9753 3662
x0414 10518 11765 4513
x0415 8390 12059 4304
x0416 8674 11565 4071
x0417 7391 9539 3371
x0418 7465 9667 3371
x0419 7985 10461 3920
x0420 7829 9788 4119
x0421 8502 10975 4394
x0422 9960 10428 4143
x0423 7854 9554 3913
x0424 8797 11388 4346
x0425 8622 10277 4106
x0426 7190 7873 3658
x0427 8918 10258 4260
x0428 6854 9744 2905
x0429 8458 10545 4002
x0430 7378 9455 3873
x0431 7253 9436 3411
x0432 7271 7750 3315
x0433 7833 9396 3072
x0434 8088 10296 3982
x0435 7507 8975 3819
x0436 7021 8092 2842
x0437 6610 8936 2599
x0438 7615 8858 2637
x0439 6962 10761 4013
x0440 7774 10808 4209
x0441 9982 12279 5234
x0442 8202 10504 3660
x0443 10237 11817 4974
x0444 8778 10625 4687
x0445 10226 12179 5325
x0446 8387 10365 4253
x0447 9077 10054 3874
x0448 7670 9976 3469
x0449 7737 8938 4031
x0450 8717 9757 4746
x0451 8175 10074 3696
x0452 9031 8289 3590
x0453 7262 10823 3030
x0454 7772 9794 3140
x0455 9754 12015 4109
x0456 7160 8601 3154
x0457 8222 9706 3600
x0458 7764 10315 4076
x0459 7424 9259 3820
x0460 7674 9333 4108
x0461 9952 9793 3908
x0462 6885 9569 3446
x0463 8384 9907 3864
x0464 7920 9980 4045
x0465 8100 10177 3668
x0466 6748 7831 2812
x0467 8397 9338 4001
x0468 7709 9093 3298
x0469 6512 8407 3226
x0470 7343 8493 3470
x0471 7682 8694 4127
x0472 6375 7779 3051
x0473 8412 9626 4117
x0474 8604 9041 3470
x0475 8070 9239 3397
x0476 7670 7908 3143
x0477 7149 7629 3177
x0478 8550 8548 3608
x0479 6806 8497 2842
x0480 8030 9915 4000
x0481 6970 7896 3855
x0482 6796 9386 3321
x0483 7343 9436 3522
x0484 8422 10148 3796
x0485 8856 11342 4333
x0486 7541 8116 3649
x0487 7360 10439 3316
x0488 9291 11277 4185
x0489 9111 11352 4068
x0490 8669 10771 3780
x0491 7663 8916 2727
x0492 8388 8760 3558
x0493 7870 10111 3340
x0494 8012 10161 3563
x0495 9083 9489 3794
x0496 9058 9473 3414
x0497 6085 8577 2729
x0498 7016 10239 3248
x0499 7442 9024 2644
x0500 6826 10753 2722
x0501 7207 8817 2697
x0502 7058 9337 2715
x0503 7335 10401 3379
x0504 8170 10769 3639
x0505 7209 9731 3160
x0506 6257 9138 2941
x0507 8135 9969 3632
x0508 5649 7502 2602
x0509 7715 10201 3612
x0510 9215 11228 4088
x0511 7514 10980 3242
x0512 8740 11874 4362
x0513 7020 10616 3479
x0514 7336 9766 3199
x0515 7558 9140 3003
x0516 8059 8453 3588
x0517 7167 9237 3297
x0518 8673 9287 3568
x0519 8072 10003 3246
x0520 7499 9883 3733
x0521 6354 8845 3716
x0522 7161 9594 4566
x0523 7572 10046 4960
x0524 8029 10255 3871
x0525 7936 7674 3500
x0526 8375 10606 4239
x0527 6580 7967 3981
x0528 7478 10042 3595
x0529 7488 9447 3975
x0530 6842 10637 4466
x0531 8850 11812 4763
x0532 9512 11412 5872
x0533 7275 9775 4478
x0534 7607 9999 3922
x0535 6051 8018 3697
x0536 7078 9540 3885
x0537 8063 10275 3817
x0538 6779 7721 3836
x0539 7579 10598 4189
x0540 9022 10964 3667
x0541 6549 8467 3512
x0542 6310 8642 2814
x0543 7520 10423 3793
x0544 5871 9464 3580
x0545 7729 8776 3395
x0546 7285 10057 3979
x0547 6888 9040 2987
x0548 7844 10441 4081
x0549 7544 8929 3030
x0550 7140 8988 3375
x0551 5899 8083 3223
x0552 7196 9088 2826
x0553 8174 10636 3556
x0554 8428 9575 3733
x0555 6786 9579 3138
x0556 8673 10304 4243
x0557 6571 9576 3159
x0558 6377 9835 2898
x0559 7378 9506 3619
x0560 8392 9792 3137
x0561 6536 7942 2727
x0562 7074 9844 3383
x0563 6793 10514 3603
x0564 5121 6806 2101
x0565 5933 8526 2932
x0566 7536 11564 4553
x0567 6898 9818 3585
x0568 7334 9723 3853
x0569 6765 8821 3917
x0570 7393 10788 4185
x0571 6060 8560 3525
x0572 7747 10052 4356
x0573 6353 8988 3574
x0574 5457 8622 2757
x0575 7315 9458 3327
x0576 6673 8504 3351
x0577 5826 8949 3370
x0578 5453 6317 2765
x0579 4492 5486 2268
x0580 8846 10894 3696
x0581 6380 8993 2772
x0582 8203 8909 3391
x0583 7185 9578 3337
x0584 7336 7874 3126
x0585 7631 9410 3665
x0586 7226 7910 3392
x0587 7951 9916 3248
x0588 6553 8197 3016
x0589 7438 9614 4063
x0590 6431 7833 3502
x0591 8294 10679 3818
x0592 9149 10781 4380
x0593 7299 8052 3370
x0594 7559 9774 3782
x0595 8944 10347 4145
x0596 7339 10102 3674
x0597 8516 11127 4888
x0598 7734 9060 4734
x0599 7994 8846 4070
x0600 7547 9060 3896
x0601 8020 9095 3591
x0602 7139 9920 3444
x0603 7707 10038 3370
x0604 7391 8232 3292
x0605 6473 7976 2942
x0606 6810 7538 3043
x0607 7882 9875 3358
x0608 6412 8971 3532
x0609 7417 9497 3589
x0610 6820 9789 3291
x0611 7136 8445 2755
x0612 8895 11005 3536
x0613 6354 7388 2911
x0614 6164 8676 2926
x0615 10239 10552 3519
x0616 6998 8627 2520
x0617 7400 6686 2934
x0618 7058 8718 3334
x0619 7424 9224 3252
x0620 6856 9597 3248
x0621 7447 8491 3368
x0622 6939 7544 2908
x0623 7219 7730 2629
x0624 6692 7830 3056
x0625 7188 8235 3105
x0626 6513 7325 2633
x0627 8014 7210 2921
x0628 7175 8773 2967
x0629 7591 8838 2877
x0630 7156 8087 2523
x0631 6290 8516 2214
x0632 7250 10488 2765
x0633 7269 9631 3200
x0634 6126 8238 2656
x0635 7637 9293 2970
x0636 6923 8477 3321
x0637 5979 8230 3182
x0638 6837 9130 3933
x0639 9064 10526 4720
x0640 9235 10911 4607
x0641 7171 9752 3987
x0642 6669 8268 3208
x0643 6462 8089 2840
x0644 5880 7684 2726
x0645 7607 8832 3461
x0646 7903 7707 3500
x0647 5412 8154 3087
x0648 6782 7283 3140
x0649 8375 8464 4071
x0650 7877 9301 3325
x0651 7570 9182 4158
x0652 7595 8183 3332
x0653 7296 7997 3622
x0654 6648 6865 2597
x0655 6456 7746 3003
x0656 6472 7571 3348
x0657 7321 8768 2826
x0658 7437 7861 3038
x0659 7194 8931 2790
x0660 6476 7954 2961
x0661 8851 9550 3335
x0662 7109 10060 3132
x0663 6938 8260 2757
x0664 7192 8379 2957
x0665 8699 10456 4065
x0666 7210 9274 3217
x0667 6705 9788 2813
x0668 5532 7654 2924
x0669 6901 9597 3005
x0670 7034 10353 3728
x0671 6102 8601 2133
x0672 7184 9862 3660
x0673 7364 7689 3668
x0674 6799 8177 3169
x0675 7738 8053 3319
x0676 7991 8997 3313
x0677 7383 10626 3519
x0678 7681 9911 3318
x0679 8761 10424 4251
x0680 7123 10720 3478
x0681 7226 10126 3151
x0682 7725 9565 3416
x0683 7953 9717 3651
x0684 7815 9053 3032
x0685 6990 9958 3152
x0686 6389 9109 2647
x0687 7465 10015 3430
x0688 8605 9971 3369
x0689 7123 9733 3044
x0690 9395 11383 4647
x0691 8305 8548 3247
x0692 7441 9011 2658
x0693 8093 10441 2787
x0694 8406 10736 3436
x0695 7122 9625 3153
x0696 8489 8530 3282
x0697 7896 9545 3880
x0698 7596 9417 3490
x0699 7482 9564 2854
x0700 6630 9426 3645
x0701 5724 8572 2357
x0702 8174 9535 3201
x0703 8729 11141 3566
x0704 5466 7482 2103
x0705 7074 11378 2869
x0706 7086 8898 3322
x0707 6260 7733 2660
x0708 7150 9045 3705
x0709 8404 9283 3634
x0710 6819 9237 3250
x0711 7975 10310 4293
x0712 8215 9463 3437
x0713 6108 6287 2656
x0714 7309 10284 3317
x0715 6214 7861 2945
x0716 7361 7634 3341
x0717 6994 8882 3430
x0718 6932 9199 2979
x0719 5939 7840 2511
x0720 7183 8178 3360
x0721 6863 9626 3411
x0722 9363 10896 3831
x0723 8110 9101 3292
x0724 6337 8416 3202
x0725 7418 9087 3796
x0726 6395 7297 3328
x0727 6477 9128 3310
x0728 6333 8638 3174
x0729 6728 9255 3718
x0730 6537 8989 3780
x0731 7444 9931 4153
x0732 6600 8346 3775
x0733 7975 8793 4347
x0734 7297 8584 3820
x0735 6823 8893 3394
x0736 7244 9110 3746
x0737 7148 8521 3637
x0738 6064 8713 2989
x0739 7179 8295 3054
x0740 7909 10123 4123
x0741 6044 7932 2860
x0742 7146 8734 3230
x0743 7170 10321 3419
x0744 6104 8946 2905
x0745 7737 11497 3771
x0746 6634 8998 3674
x0747 7783 10110 4262
x0748 8579 10970 4982
x0749 9245 12113 5207
x0750 7380 8864 3259
x0751 6569 9816 3715
x0752 6086 8142 3163
x0753 6273 8155 3527
x0754 6744 8245 3539
x0755 8808 10585 4697
x0756 7873 9777 4505
x0757 6646 7856 3643
x0758 7076 8641 3984
x0759 8022 9816 4317
x0760 8348 9709 4734
x0761 6491 7462 3252
x0762 6956 7866 4093
x0763 5970 8152 3269
x0764 5578 7930 3512
x0765 7856 8149 3895
x0766 6781 10276 3244
x0767 7328 9523 4059
x0768 8207 11140 4743
x0769 8033 8720 4157
x0770 7416 9860 3839
x0771 7039 9039 3623
x0772 6180 7659 2814
x0773 6384 7401 3420
x0774 5917 8512 3149
x0775 6916 8062 3358
x0776 7445 9291 3565
x0777 5977 8411 3003
x0778 6308 8584 3253
x0779 7261 9944 3705
x0780 5625 7740 3655
x0781 6770 8688 3263
x0782 7293 8145 4263
x0783 7681 10125 4985
x0784 9066 11677 4457
x0785 7858 10630 3878
x0786 6679 8689 3742
x0787 6057 9058 3606
x0788 7553 10140 4252
x0789 8151 11274 4885
x0790 7905 11031 4500
x0791 7496 11736 4639
x0792 7287 9043 3971
x0793 8377 10275 4139
x0794 7557 10649 4160
x0795 8357 9625 3754
x0796 8119 11304 4448
x0797 7801 11114 3663
x0798 6785 7390 3403
x0799 7686 9026 3791
x0800 7470 8145 3888
x0801 6347 8486 3312
x0802 7690 10468 4208
x0803 6547 10736 3832
x0804 7261 10565 3910
x0805 6903 9077 3326
x0806 7090 8882 3531
x0807 7771 10394 3990
x0808 5897 7901 2855
x0809 6792 9811 3497
x0810 7243 9861 3602
x0811 7865 11010 4345
x0812 6964 8767 3575
x0813 7004 9605 3291
x0814 7828 9679 2996
x0815 8478 10222 4520
x0816 5942 8380 3069
x0817 7613 9246 3847
x0818 7377 8685 3441
x0819 8692 9051 3993
x0820 6074 8412 3469
x0821 7291 9759 4065
x0822 6784 9619 3898
x0823 6850 9358 4093
x0824 6398 9274 3243
x0825 7894 8125 3091
x0826 8457 9258 3813
x0827 7887 9721 3713
x0828 6412 7843 3323
x0829 6696 8728 3686
x0830 6660 7182 2994
x0831 8018 9722 4205
x0832 7948 8738 4429
x0833 6037 9019 2899
x0834 6636 9892 3372
x0835 5692 7168 2893
x0836 6721 7536 3888
x0837 6248 9614 3444
x0838 8565 10632 4456
x0839 6327 8907 3294
x0840 6731 7882 3532
x0841 7368 10412 3541
x0842 7451 8940 3709
x0843 5915 8203 3460
x0844 7605 9017 3679
x0845 7928 8470 3303
x0846 6980 10327 3808
x0847 6455 7157 3041
x0848 6060 9934 3509
x0849 5682 8244 2910
x0850 6936 11651 4204
x0851 8225 10147 4633
x0852 6451 9757 3493
x0853 6758 9022 4320
x0854 5896 8527 3722
x0855 6714 8392 3615
x0856 6909 9855 3336
x0857 5527 8853 3575
x0858 6364 9225 3521
x0859 6666 8030 3449
x0860 7479 10099 4158
x0861 7573 8054 3483
x0862 7639 9167 4309
x0863 7069 8828 4203
x0864 7573 10452 4130
x0865 6448 9433 3034
x0866 7199 10256 3866
x0867 6118 9204 3206
x0868 6870 8390 3655
x0869 7139 7033 3973
x0870 7521 8876 4309
x0871 8443 10675 4753
x0872 9035 10567 4488
x0873 8539 9517 4099
x0874 7901 9154 3651
x0875 9960 10445 4348
x0876 7569 8724 3807
x0877 5960 8669 3326
x0878 9788 10789 4848
x0879 6927 9075 3304
x0880 7373 9927 3406
x0881 9116 10916 4278
x0882 9147 11467 4139
x0883 6962 8183 3191
x0884 8239 10629 4137
x0885 6437 10267 3396
x0886 8461 10605 4370
x0887 8026 10191 4574
x0888 7240 9727 3943
x0889 5826 7976 3589
x0890 7323 10011 4194
x0891 7159 8923 4219
x0892 7523 10363 4480
x0893 9016 10924 3931
x0894 7054 9375 3471
x0895 7135 10015 3556
x0896 7724 10085 4346
x0897 7530 8846 3925
x0898 7110 10418 3587
x0899 6247 9995 3459
x0900 7227 9218 3856
x0901 6996 8955 3552
x0902 7514 9633 3763
x0903 7919 10542 4117
x0904 7331 10084 3700
x0905 7465 9980 3876
x0906 6106 9151 3853
x0907 6253 7685 3267
x0908 7049 8828 3233
x0909 9429 11444 4552
x0910 9050 10386 4435
x0911 9423 11637 4140
x0912 9643 12652 5200
x0913 8186 10322 4283
x0914 8843 9629 4533
x0915 8081 9330 4325
x0916 7943 9109 4893
x0917 8206 10997 4233
x0918 8294 10307 4619
x0919 9843 12505 4680
x0920 9217 9783 4436
x0921 7474 9319 4735
x0922 9550 10181 4800
x0923 7730 10855 3993
x0924 7963 10520 3883
x0925 8747 11442 5236
x0926 8460 11253 4597
x0927 8278 9027 4016
x0928 6754 8678 3874
x0929 6992 8410 3708
x0930 8286 10906 4461
x0931 8028 7714 3564
x0932 9925 12134 4969
x0933 7939 11009 3843
x0934 9060 11290 4403
x0935 7955 10629 4207
x0936 7254 10654 3828
x0937 6632 9957 3712
x0938 7537 11279 3550
x0939 8797 11346 4167
x0940 8435 9797 4134
x0941 9490 10230 4811
x0942 9691 10902 4832
x0943 8787 11377 4589
x0944 10566 13461 6108
x0945 8789 9216 3940
x0946 8034 10363 4181
x0947 8985 10202 3604
x0948 7124 8456 2756
x0949 7188 9275 3437
x0950 8224 8275 2807
x0951 7686 9097 3117
x0952 9245 10028 4380
x0953 8698 9794 4513
x0954 8885 11235 4190
x0955 7763 9787 3978
x0956 6114 7672 2685
x0957 8236 10971 4446
x0958 6829 8662 3230
x0959 6033 8848 3264
x0960 7485 10387 3243
x0961 7934 7917 3850
x0962 6629 9314 3363
x0963 7488 8494 3918
x0964 7254 9355 4301
x0965 8204 9642 4520
x0966 8866 10502 3852
x0967 6582 8961 4158
x0968 6586 8665 3085
x0969 7793 8848 4065
x0970 8133 9621 3567
x0971 8421 12041 5189
x0972 7743 8398 4362
x0973 6798 9615 4090
x0974 7770 10100 4708
x0975 6831 8578 3897
x0976 6837 8721 3357
x0977 7362 10020 4354
x0978 7321 8576 3804
x0979 7761 9895 3459
x0980 8811 10425 4417
x0981 8357 10015 4419
x0982 7617 8231 4052
x0983 7574 9877 4077
x0984 8578 9779 4009
x0985 8255 8885 3770
x0986 9827 9227 4382
x0987 10791 10631 4913
x0988 8549 10904 4200
x0989 8625 8821 4082
x0990 9416 11031 4529
x0991 8860 10078 4282
x0992 8388 9698 4492
x0993 8766 9699 5625
x0994 11560 10671 7172
x0995 8219 7727 5375
x0996 7354 6853 4708
x0997 10562 9767 6932
x0998 10746 9981 6534
x0999 8904 9487 5045
x1000 9468 8252 5933
