x0000 7512 53681 3427
x0001 3653 31067 1865
x0002 4292 29298 2188
x0003 4221 26500 1664
x0004 3727 26377 1522
x0005 4492 33245 1884
x0006 5135 34348 1845
x0007 4868 33163 1872
x0008 5832 34115 1958
x0009 6886 39818 3066
x0010 6842 41721 2797
x0011 6143 34520 2408
x0012 5252 32915 2303
x0013 6036 34411 2624
x0014 5155 30603 2468
x0015 5699 33231 2686
x0016 6550 37724 3004
x0017 6154 32758 2416
x0018 6075 39379 3374
x0019 6708 38572 3236
x0020 5268 32062 2291
x0021 5224 33824 2568
x0022 4982 31534 2265
x0023 6987 41284 3089
x0024 6610 39093 3125
x0025 6021 37597 2742
x0026 5712 33656 2537
x0027 6821 45431 3026
x0028 6627 37503 3148
x0029 6890 39988 3525
x0030 8206 46732 4058
x0031 7008 45774 3498
x0032 6384 41458 3518
x0033 7231 47810 4299
x0034 7370 45852 3731
x0035 5451 35779 3023
x0036 5128 34419 2648
x0037 5823 39674 3331
x0038 5178 39163 3245
x0039 5894 39270 3352
x0040 6775 46520 4675
x0041 6195 44409 5007
x0042 6814 45553 4586
x0043 7079 42563 4973
x0044 6979 45271 4703
x0045 6923 39817 4941
x0046 6837 39376 5147
x0047 6653 38652 5098
x0048 6637 40051 4672
x0049 7384 43559 5002
x0050 7202 44901 5188
x0051 6673 41878 5077
x0052 6301 36558 4112
x0053 6761 39022 4303
x0054 7624 45317 5712
x0055 7144 43119 5015
x0056 6397 36980 4209
x0057 6976 38100 4379
x0058 6868 38345 4242
x0059 5920 31873 3248
x0060 6878 36953 4374
x0061 7893 37973 5494
x0062 8186 41300 5460
x0063 5983 31236 4397
x0064 7630 38089 5321
x0065 6520 38055 5195
x0066 7424 39672 5554
x0067 7386 36548 4582
x0068 7771 36851 4833
x0069 7343 38207 5171
x0070 6398 33382 4473
x0071 7161 38483 5077
x0072 6519 33285 4152
x0073 7048 37440 4967
x0074 6773 37187 5181
x0075 5987 35069 4395
x0076 7212 41363 5710
x0077 6403 35622 4946
x0078 7527 40298 6131
x0079 8699 43547 7094
x0080 6531 32774 5246
x0081 7176 36126 5214
x0082 5938 32118 4722
x0083 6400 33922 5431
x0084 7050 37589 6082
x0085 7027 35399 5469
x0086 6186 33478 4887
x0087 6171 33140 4942
x0088 6424 30335 5146
x0089 6488 31413 5464
x0090 7715 38977 6609
x0091 6701 34088 5571
x0092 7181 38130 5729
x0093 7410 38385 6208
x0094 7887 37578 6216
x0095 7840 38652 6483
x0096 7396 33555 6635
x0097 7087 34442 5442
x0098 7490 35770 5568
x0099 7021 35747 5127
x0100 7088 31372 6091
x0101 7664 36008 5469
x0102 6961 36919 5890
x0103 8104 37250 5686
x0104 9179 40894 6543
x0105 9077 40267 5934
x0106 7836 36530 6037
x0107 8626 35953 6461
x0108 8240 38267 6468
x0109 8880 37512 5611
x0110 9211 38306 6111
x0111 8850 37686 6439
x0112 6447 33392 5311
x0113 7888 36818 6654
x0114 7165 32820 6071
x0115 6804 31032 5824
x0116 8290 36387 6363
x0117 7489 34471 5935
x0118 9486 40999 6468
x0119 9383 40775 7812
x0120 7315 32423 5713
x0121 6966 35386 5543
x0122 9027 38414 6515
x0123 7150 32187 5813
x0124 9309 38749 7887
x0125 8075 37629 5977
x0126 7870 37843 5968
x0127 6403 33618 4829
x0128 7865 38296 6489
x0129 6738 30732 5601
x0130 7029 31724 5500
x0131 5817 29632 5021
x0132 7368 32638 5747
x0133 7838 37732 5790
x0134 7712 34104 6079
x0135 7386 34166 6034
x0136 8235 38939 6127
x0137 7778 37588 6637
x0138 7809 37598 5953
x0139 7896 37607 6178
x0140 8515 36688 6157
x0141 8938 35461 6004
x0142 10066 41404 7526
x0143 8347 32002 6316
x0144 10432 40927 7294
x0145 9587 38236 6462
x0146 9159 34278 6333
x0147 7760 32104 6496
x0148 10179 38881 7220
x0149 7650 28049 5917
x0150 8822 35486 6413
x0151 7885 31093 6172
x0152 6959 27988 5808
x0153 11195 39317 7118
x0154 8523 33313 5750
x0155 8983 35615 6442
x0156 9389 32956 6171
x0157 8772 36556 6353
x0158 8559 35043 6484
x0159 9052 35088 6581
x0160 10651 39433 7886
x0161 10931 45099 8231
x0162 9485 35155 7686
x0163 9741 39928 7622
x0164 8348 38506 6774
x0165 8579 36130 6972
x0166 9557 40494 8260
x0167 10578 45747 9741
x0168 9400 38874 8006
x0169 8232 32328 6718
x0170 10688 41647 8043
x0171 8268 36089 6683
x0172 8517 35978 7186
x0173 8648 34273 6534
x0174 8917 39524 8175
x0175 9223 37750 7312
x0176 8820 37037 7444
x0177 9537 41977 8517
x0178 8671 39319 7621
x0179 8733 38840 7705
x0180 9867 41697 8121
x0181 9888 40441 8324
x0182 9330 40541 8440
x0183 8064 36252 6405
x0184 8680 38012 7923
x0185 9665 40002 7624
x0186 8060 32019 6892
x0187 8944 33617 6894
x0188 9568 39083 7294
x0189 10138 40006 7826
x0190 10282 39631 8057
x0191 9254 39050 7307
x0192 8562 33216 6738
x0193 10060 41279 8001
x0194 7578 30195 6480
x0195 8562 31925 7408
x0196 8918 35414 7349
x0197 7735 31799 5917
x0198 9131 36763 6756
x0199 10156 34902 9227
x0200 8073 33022 6800
x0201 8011 31896 6453
x0202 7994 32091 5971
x0203 9303 38285 7358
x0204 9176 37450 7330
x0205 9302 34914 7787
x0206 8344 33021 6221
x0207 9687 39090 6169
x0208 10803 41198 8030
x0209 10745 40826 7425
x0210 10398 39224 7669
x0211 10893 40524 8614
x0212 11092 39875 8029
x0213 11302 43772 8116
x0214 10541 42594 7591
x0215 9297 35242 6821
x0216 9788 40319 6846
x0217 10408 40154 7408
x0218 12099 44755 9212
x0219 10438 42478 7115
x0220 9699 42061 6893
x0221 10294 40466 7893
x0222 10919 41335 8472
x0223 10956 43416 8818
x0224 10472 42239 9065
x0225 11311 45129 9626
x0226 10801 46206 8696
x0227 11609 43584 8710
x0228 9782 38345 7818
x0229 10947 40545 7848
x0230 10992 43254 8589
x0231 8738 37816 6096
x0232 10793 42910 8073
x0233 11018 42445 8313
x0234 11160 45380 8080
x0235 9264 39743 6938
x0236 9987 36119 7522
x0237 11307 41040 8379
x0238 11830 43190 8883
x0239 10565 39993 8438
x0240 9527 35297 6536
x0241 9204 38781 6961
x0242 11185 42583 8713
x0243 8983 34826 6912
x0244 10266 40823 8251
x0245 11214 43863 8113
x0246 8927 35624 6489
x0247 8833 39505 6277
x0248 9020 37717 6564
x0249 9956 41269 7428
x0250 11466 45094 8420
x0251 10821 44443 8282
x0252 9138 39335 6805
x0253 9574 38806 7231
x0254 10181 41365 7107
x0255 10352 42532 8191
x0256 9909 41640 7791
x0257 9898 37530 7850
x0258 9696 40380 7554
x0259 9598 40043 6975
x0260 9227 39695 6689
x0261 10228 40926 6816
x0262 11271 45017 7973
x0263 11289 43675 8582
x0264 9705 40182 7066
x0265 9965 39810 7178
x0266 10611 41970 7797
x0267 11523 42207 8751
x0268 9144 36115 7067
x0269 9011 38809 6795
x0270 10182 40366 7763
x0271 9997 39498 8135
x0272 9234 33426 7110
x0273 10659 40982 8044
x0274 9712 39505 7399
x0275 9800 39514 6966
x0276 10364 42082 7932
x0277 11416 40087 8875
x0278 11328 38737 8588
x0279 9029 36275 6377
x0280 9478 39637 7165
x0281 9980 40691 6959
x0282 9504 35855 6967
x0283 9995 40564 7411
x0284 10441 40051 8848
x0285 10305 39632 7693
x0286 9453 39935 7228
x0287 9770 40184 6999
x0288 9217 38373 6695
x0289 9952 38359 7300
x0290 9072 36546 6385
x0291 9671 39526 7083
x0292 10676 42964 8488
x0293 10153 40508 6969
x0294 10217 38700 7363
x0295 8351 32531 5783
x0296 10445 39785 7400
x0297 9109 39341 6828
x0298 10979 42940 8916
x0299 9843 37574 7198
x0300 9875 39415 6655
x0301 10362 38317 7266
x0302 9713 38850 7048
x0303 10656 45740 7865
x0304 11865 44467 8288
x0305 11628 40087 8316
x0306 10575 37642 7061
x0307 9896 34492 6972
x0308 11932 40022 9471
x0309 9804 36442 7710
x0310 10423 38315 7878
x0311 9107 35475 7099
x0312 10839 37484 7957
x0313 12054 39917 7714
x0314 11729 40137 8165
x0315 10019 36882 6727
x0316 11644 41008 8074
x0317 11974 41527 8980
x0318 11707 41051 7968
x0319 11948 40199 8231
x0320 11090 37399 8127
x0321 11481 38247 7902
x0322 11152 37170 7958
x0323 11857 40751 9168
x0324 10545 33925 7856
x0325 9516 35779 7680
x0326 10233 35846 7549
x0327 9906 32840 7340
x0328 11514 40054 9158
x0329 9415 31890 6590
x0330 8571 32928 6087
x0331 9426 30996 6549
x0332 10853 38967 7810
x0333 11047 34063 7865
x0334 9288 34353 7080
x0335 9887 34897 7219
x0336 9257 35432 6992
x0337 8202 31855 7221
x0338 9333 32317 6866
x0339 10740 35776 8762
x0340 9028 34238 6504
x0341 10027 35629 6994
x0342 8616 33872 7282
x0343 10486 36741 7388
x0344 9094 33851 7776
x0345 9208 36336 6782
x0346 8983 32242 6670
x0347 9785 36232 7284
x0348 9678 34055 7307
x0349 8800 33708 6320
x0350 8474 28746 6736
x0351 9179 32394 6322
x0352 9408 33277 6456
x0353 9491 37825 8295
x0354 9461 36639 7856
x0355 8786 35376 6241
x0356 8927 37797 7232
x0357 9993 34836 7174
x0358 10456 38374 7786
x0359 10235 38227 7818
x0360 9153 37895 6580
x0361 10105 37447 7726
x0362 9242 31807 7156
x0363 8295 30725 6733
x0364 7668 32557 5528
x0365 7890 30811 6149
x0366 9264 33751 7388
x0367 9293 37618 6390
x0368 10818 35066 7417
x0369 11065 37717 8171
x0370 10339 35503 7459
x0371 10417 36700 7829
x0372 10162 37314 7139
x0373 10558 36022 7048
x0374 9722 35655 7273
x0375 7530 30955 6066
x0376 8851 33093 6261
x0377 9863 39708 7720
x0378 11242 44957 8781
x0379 10423 40744 7486
x0380 11217 41033 8825
x0381 9686 41594 7716
x0382 11427 40645 7959
x0383 10265 38296 7384
x0384 9206 34765 7069
x0385 9537 29598 7530
x0386 9302 31668 6925
x0387 10158 35871 8256
x0388 9410 35274 7319
x0389 9102 33897 6771
x0390 9991 36884 7740
x0391 9378 36138 7134
x0392 9839 38259 8855
x0393 8981 36623 8352
x0394 10645 39647 8704
x0395 9915 38309 8729
x0396 9238 39880 7835
x0397 9198 39844 8249
x0398 9292 34912 8446
x0399 10539 42973 9323
x0400 9613 37413 8252
x0401 9832 37874 8574
x0402 10755 40345 9975
x0403 10582 37413 8621
x0404 10157 41908 9010
x0405 9929 40267 8115
x0406 9772 39247 8272
x0407 10017 36693 9235
x0408 9696 37581 7669
x0409 9525 36768 8322
x0410 9021 35087 8542
x0411 9418 38721 8477
x0412 8577 38588 7781
x0413 11199 43734 10047
x0414 9705 41706 9315
x0415 10591 38696 9366
x0416 12292 45371 11343
x0417 12505 46042 11204
x0418 11832 49342 10079
x0419 10848 43099 9956
x0420 12583 46364 10431
x0421 11280 44096 9604
x0422 12060 46764 10554
x0423 9800 37679 9137
x0424 11220 46311 11475
x0425 10790 41230 9405
x0426 12924 47715 11371
x0427 10987 40267 8431
x0428 11374 43243 10724
x0429 10431 40869 10476
x0430 10205 39662 8786
x0431 10305 41736 9034
x0432 12711 48305 9860
x0433 12787 42902 10377
x0434 11595 42781 10244
x0435 10777 39205 9014
x0436 9216 36860 8539
x0437 10286 39233 9477
x0438 10758 39325 10992
x0439 13748 48390 12167
x0440 11875 41795 10591
x0441 12239 45426 9863
x0442 10431 39244 9321
x0443 12744 48489 10777
x0444 11064 45112 9527
x0445 11874 44463 10824
x0446 11997 42004 9902
x0447 11590 43674 10802
x0448 12570 45300 10395
x0449 12231 43894 10670
x0450 12448 44325 11492
x0451 12056 43669 9978
x0452 10021 39498 9477
x0453 12924 42863 10279
x0454 12129 47849 11275
x0455 11812 45391 10693
x0456 11404 45197 10194
x0457 12655 45910 10441
x0458 10665 40923 9138
x0459 10562 40452 9017
x0460 12308 44888 10700
x0461 10360 38803 9833
x0462 12455 45341 10839
x0463 12027 42591 11085
x0464 10491 39126 9723
x0465 9876 37228 9849
x0466 10092 39057 10191
x0467 13952 50173 12903
x0468 13857 53174 13169
x0469 12884 48857 11795
x0470 11042 43366 8782
x0471 13184 45502 12190
x0472 11991 43072 10640
x0473 13015 49093 12197
x0474 11934 42789 9897
x0475 11534 50144 11093
x0476 12478 47128 10519
x0477 11374 39773 10629
x0478 12616 52054 12358
x0479 12716 48084 10831
x0480 11630 45633 11372
x0481 11098 45835 10228
x0482 10443 41936 10811
x0483 12812 46395 11293
x0484 10261 40226 10239
x0485 12562 45750 11813
x0486 10008 37792 9830
x0487 9230 37136 8912
x0488 12818 49950 12698
x0489 9832 38856 9965
x0490 12616 44035 12355
x0491 10148 40290 9940
x0492 10908 42472 11240
x0493 10717 43351 9835
x0494 9366 41865 9844
x0495 11834 44599 9997
x0496 11205 44925 11031
x0497 11355 42098 11527
x0498 9062 36799 8754
x0499 7544 31139 6768
x0500 9473 36327 9146
x0501 12159 44407 10595
x0502 10489 39295 9212
x0503 9808 34518 8975
x0504 10717 40021 9293
x0505 9324 36596 8695
x0506 11693 43037 11336
x0507 11581 39274 10570
x0508 11068 38026 10591
x0509 9348 36424 8843
x0510 7985 35567 8451
x0511 9655 36326 8634
x0512 8825 35686 8464
x0513 8674 33639 7457
x0514 9178 31745 8532
x0515 9909 34238 9154
x0516 9194 33058 8469
x0517 8259 29262 6732
x0518 10144 33879 8303
x0519 7770 26072 5779
x0520 9025 30828 7118
x0521 9956 35175 7844
x0522 9661 30415 7202
x0523 11060 37780 8790
x0524 9103 31750 7663
x0525 10196 37520 8900
x0526 9720 37830 7728
x0527 9932 36223 7801
x0528 10226 39079 7986
x0529 9258 38737 7616
x0530 8669 32861 6675
x0531 8823 31053 7095
x0532 8622 31733 6923
x0533 9122 34212 7069
x0534 11454 41363 9664
x0535 10835 37304 9152
x0536 9886 35906 7836
x0537 9114 31047 7425
x0538 9829 35281 8191
x0539 10287 35070 8271
x0540 9011 29742 7000
x0541 8025 31082 6949
x0542 8048 30402 6101
x0543 10181 41313 8884
x0544 8536 30850 6974
x0545 10014 35275 8339
x0546 9431 33083 8526
x0547 9786 32931 8323
x0548 9139 29606 7311
x0549 8221 32530 6835
x0550 8723 30928 7014
x0551 9001 34822 7858
x0552 8164 30428 7464
x0553 9635 33120 7331
x0554 7277 28907 5432
x0555 8654 32873 7301
x0556 7620 31719 7326
x0557 7765 33422 6708
x0558 7693 29693 7165
x0559 8332 30441 6980
x0560 8807 32312 6467
x0561 9841 34218 8267
x0562 9690 29872 8024
x0563 8854 34858 7009
x0564 8469 30298 6986
x0565 7559 29516 5996
x0566 10019 37818 8779
x0567 6559 25098 5744
x0568 7997 29983 6870
x0569 9180 32334 7941
x0570 8162 30544 6144
x0571 6946 30235 5597
x0572 7572 29453 5753
x0573 7640 32084 6941
x0574 7574 31279 6900
x0575 8088 31127 7145
x0576 8935 36891 8130
x0577 8745 34405 7890
x0578 9707 38391 8518
x0579 7692 32229 7050
x0580 8819 32169 8782
x0581 7976 32683 7236
x0582 7593 33716 6277
x0583 7691 33044 6851
x0584 8038 33835 6643
x0585 9902 36532 8181
x0586 7023 31012 6815
x0587 7816 34010 7629
x0588 8308 33878 7269
x0589 7879 30929 6643
x0590 7820 35404 8136
x0591 8573 34395 8072
x0592 8099 36754 7150
x0593 7904 32516 6551
x0594 8783 34738 7519
x0595 9351 37061 7544
x0596 7886 35691 7783
x0597 7927 33217 7684
x0598 8782 37060 8114
x0599 8380 34797 7544
x0600 7871 35323 6576
x0601 8219 35598 7543
x0602 9300 40641 8029
x0603 7805 36828 6727
x0604 9043 36925 8317
x0605 8825 35495 7361
x0606 9043 39778 9149
x0607 7721 35337 7345
x0608 9307 39926 9078
x0609 9579 38641 9410
x0610 9270 40001 8699
x0611 9225 34477 7338
x0612 10318 42781 8677
x0613 9161 42656 8214
x0614 9945 43327 8504
x0615 9820 42849 8406
x0616 9756 41715 7869
x0617 9943 38356 8317
x0618 8101 39592 6922
x0619 9483 36781 8351
x0620 9226 39832 7895
x0621 10357 41816 9252
x0622 9104 39637 7204
x0623 9956 41896 8179
x0624 8362 37316 7623
x0625 8784 36394 8123
x0626 8821 38471 6993
x0627 8235 34138 7397
x0628 8624 38212 7120
x0629 8706 35996 7624
x0630 9919 38522 8850
x0631 7849 33516 7151
x0632 8779 37777 7072
x0633 7876 31695 5880
x0634 8903 34850 7287
x0635 8774 37413 6788
x0636 8131 34621 7334
x0637 8805 37398 7425
x0638 8789 38126 7700
x0639 9156 39063 8061
x0640 9382 37824 7740
x0641 9820 44902 8113
x0642 7761 34465 6602
x0643 9986 43712 8078
x0644 9999 41575 8457
x0645 9480 38234 7897
x0646 9529 41988 8168
x0647 10490 42693 8242
x0648 9691 42348 8339
x0649 8727 36124 6830
x0650 9560 39268 7788
x0651 8843 38411 8024
x0652 9892 41656 8137
x0653 9340 44189 8247
x0654 9549 42529 7607
x0655 8873 40791 8306
x0656 9261 42794 7285
x0657 9841 48395 8559
x0658 11538 48963 8505
x0659 8262 35540 6601
x0660 7506 32916 6243
x0661 10767 45477 9822
x0662 8757 41833 8063
x0663 10528 49286 9564
x0664 9601 44730 8504
x0665 11181 52089 9501
x0666 9121 45235 8125
x0667 8200 41930 7840
x0668 8493 42745 8447
x0669 8929 39743 7944
x0670 9999 45336 8211
x0671 10092 47171 8440
x0672 10553 46381 9132
x0673 9869 44580 8386
x0674 10055 46048 8517
x0675 8367 39999 7245
x0676 10376 44992 9252
x0677 8809 39882 7925
x0678 10057 44148 8985
x0679 9049 38152 8410
x0680 9143 41804 8049
x0681 8780 36345 7201
x0682 8433 35859 7068
x0683 9704 43597 8827
x0684 9249 41554 7508
x0685 8646 42521 7486
x0686 9204 42099 9075
x0687 9886 47119 9061
x0688 8794 37373 7134
x0689 9038 40737 7855
x0690 8958 39637 7016
x0691 10615 43306 8560
x0692 9199 40726 8045
x0693 8034 35014 6722
x0694 7873 38947 6808
x0695 9185 44412 8179
x0696 9963 46057 8241
x0697 9645 45609 8292
x0698 6889 35710 6542
x0699 9272 41561 7478
x0700 9829 45184 8533
x0701 8253 39683 7675
x0702 9680 41384 8967
x0703 8024 34897 7165
x0704 8630 43497 6869
x0705 8851 41976 7826
x0706 10256 43487 8033
x0707 8330 36130 6900
x0708 10802 45127 8691
x0709 9845 41350 8490
x0710 10089 40272 7950
x0711 7628 36494 6918
x0712 9414 45147 7567
x0713 7163 33547 6568
x0714 8745 36883 7022
x0715 11355 46705 8735
x0716 6768 36418 6584
x0717 8667 35537 6836
x0718 8466 40392 7422
x0719 7391 35627 6437
x0720 9568 38907 7470
x0721 7801 37714 6488
x0722 10350 41084 7562
x0723 9587 36451 7590
x0724 11276 43345 8569
x0725 8173 34407 7506
x0726 9411 39718 7824
x0727 10263 39613 8435
x0728 10344 38405 7531
x0729 9592 36136 7573
x0730 10260 40649 7744
x0731 11112 46366 8588
x0732 9723 39812 7756
x0733 9795 38740 7410
x0734 10638 40521 8181
x0735 10196 42199 8331
x0736 10729 43088 9018
x0737 10706 42948 7771
x0738 10992 42632 7801
x0739 9208 37636 8102
x0740 10907 43661 9335
x0741 8178 35235 6990
x0742 9756 41904 7680
x0743 8200 36260 7221
x0744 10641 40478 7534
x0745 11098 43962 8486
x0746 9406 41503 8087
x0747 9273 39319 7019
x0748 10241 39599 8471
x0749 8134 38230 7592
x0750 9035 40157 8099
x0751 9470 38127 7681
x0752 8994 36149 6860
x0753 9723 39800 7768
x0754 8651 34539 7213
x0755 9963 37018 7965
x0756 8746 36326 6931
x0757 9454 44770 8257
x0758 9403 42877 8795
x0759 8703 39829 7748
x0760 10311 46612 8780
x0761 8697 44012 7669
x0762 9084 39722 8147
x0763 10303 40848 8534
x0764 7288 38536 6826
x0765 8401 40053 7826
x0766 9197 38074 7675
x0767 9564 41443 7989
x0768 7633 35542 6595
x0769 7672 37268 6741
x0770 9217 34853 7290
x0771 7993 30971 5886
x0772 8343 31839 6483
x0773 9199 34528 7313
x0774 8359 35873 7128
x0775 8501 36485 7340
x0776 7556 34725 6547
x0777 7753 36585 6702
x0778 9088 35889 7026
x0779 10477 43597 8407
x0780 9062 43411 7558
x0781 9543 39614 7459
x0782 8758 37552 6991
x0783 8246 34039 6543
x0784 7371 32639 6046
x0785 7229 34840 6136
x0786 8396 35900 7385
x0787 8412 36778 7460
x0788 6286 34947 5738
x0789 7996 34587 6245
x0790 8466 38887 6603
x0791 7638 34972 6531
x0792 7834 34954 6667
x0793 7571 35358 6212
x0794 7274 32023 6456
x0795 10026 37043 7877
x0796 9084 36203 7363
x0797 8032 37002 6647
x0798 7230 33810 6238
x0799 8089 35504 7447
x0800 8597 37251 7780
x0801 9012 38437 7829
x0802 8393 36721 6889
x0803 8872 38792 7282
x0804 8336 33889 6916
x0805 7862 34419 6547
x0806 10676 42280 8469
x0807 8342 38504 6782
x0808 8990 37282 7356
x0809 9072 37895 7648
x0810 7729 34541 7500
x0811 8503 35281 7256
x0812 8200 35110 6776
x0813 8330 35257 7134
x0814 9088 36950 7263
x0815 8721 31197 8287
x0816 7474 33601 6511
x0817 8940 38889 7449
x0818 8724 35165 7151
x0819 8909 35521 7251
x0820 9272 38908 7431
x0821 8872 35442 7689
x0822 8592 32310 6376
x0823 7603 32196 6561
x0824 9223 37742 6991
x0825 7529 34169 6818
x0826 8987 38156 7803
x0827 9477 42973 7928
x0828 7980 37332 7338
x0829 7578 34977 6586
x0830 8370 36142 7814
x0831 10150 47719 8561
x0832 10993 47820 9452
x0833 9992 37711 7575
x0834 10909 42790 8077
x0835 9474 39329 7142
x0836 11032 45220 9089
x0837 9146 38990 8144
x0838 9579 42463 8336
x0839 9477 41124 8395
x0840 8849 36779 7347
x0841 9307 43077 8691
x0842 9099 42092 7805
x0843 7330 33701 6247
x0844 10651 46847 9663
x0845 9636 39217 7763
x0846 9109 40710 8151
x0847 9239 41612 8489
x0848 7515 33206 6557
x0849 9666 41759 7915
x0850 9602 39903 8125
x0851 10276 39160 8194
x0852 9691 42760 8275
x0853 9851 39311 7454
x0854 9764 39294 8233
x0855 10012 44128 8695
x0856 10529 43054 8898
x0857 8029 35837 7494
x0858 8284 41737 7949
x0859 9597 44040 8844
x0860 10735 49270 9746
x0861 9536 42055 8094
x0862 11582 46586 9728
x0863 10381 42409 8285
x0864 12068 50403 9160
x0865 10071 38729 7816
x0866 9865 47704 9226
x0867 10698 49864 9938
x0868 9793 48063 9672
x0869 9931 46418 9354
x0870 10715 49384 9652
x0871 9593 45366 8944
x0872 10820 48342 9844
x0873 12317 50546 9908
x0874 10139 41599 8640
x0875 11149 44916 8915
x0876 11125 45224 9354
x0877 10561 43771 8503
x0878 11280 49368 9852
x0879 12657 52238 10960
x0880 12933 54198 10684
x0881 12104 51103 9564
x0882 13060 53439 10922
x0883 11848 46721 9327
x0884 11729 51217 10590
x0885 13556 57182 11477
x0886 11518 48165 10068
x0887 11696 47992 9690
x0888 11042 46054 9699
x0889 10746 46065 9255
x0890 10670 48709 8886
x0891 11696 46688 9512
x0892 11811 48479 10210
x0893 11019 45163 9159
x0894 10035 41837 9904
x0895 9661 39136 8833
x0896 9967 43141 9727
x0897 9639 42267 7779
x0898 10751 45138 9452
x0899 10423 43157 8901
x0900 10641 45778 8922
x0901 10367 44271 8552
x0902 11222 45526 8955
x0903 10448 42564 8764
x0904 10739 44701 9180
x0905 11119 43660 9841
x0906 10257 44088 9558
x0907 9385 39316 7915
x0908 8686 36976 7313
x0909 8309 38609 7367
x0910 8169 40043 8068
x0911 8892 41084 8677
x0912 8442 41540 7648
x0913 8249 38776 6931
x0914 9215 42301 9210
x0915 8344 37847 7765
x0916 7459 35716 6280
x0917 9178 44376 8574
x0918 8740 42199 7714
x0919 8540 35668 8442
x0920 8886 40069 8675
x0921 9420 39021 8175
x0922 9204 42604 8223
x0923 9924 44923 9056
x0924 7586 38759 7611
x0925 8615 42114 8611
x0926 7804 35214 7385
x0927 9327 44439 9069
x0928 8259 37576 7466
x0929 8621 38148 7846
x0930 8585 38759 7934
x0931 8952 41127 7891
x0932 8283 41177 7831
x0933 8924 41631 9130
x0934 10284 54841 9566
x0935 8592 43390 7358
x0936 9613 44529 8693
x0937 9442 47804 8820
x0938 10313 48669 8914
x0939 9176 44410 7839
x0940 10002 46518 8100
x0941 8308 39661 7642
x0942 8567 38582 7797
x0943 9215 41713 8412
x0944 9535 43036 8504
x0945 8842 41050 7061
x0946 8542 38041 7702
x0947 8665 42213 7775
x0948 9943 45055 8548
x0949 10577 43971 8287
x0950 9343 40106 7504
x0951 9657 41779 8249
x0952 9177 37437 7014
x0953 10381 43671 8783
x0954 11558 44025 9037
x0955 10523 39868 7579
x0956 11388 44728 9225
x0957 8402 40934 7955
x0958 9333 40292 8345
x0959 9017 40452 7822
x0960 10113 44178 8899
x0961 9214 42158 7968
x0962 10092 45287 8882
x0963 10209 43349 8218
x0964 10776 44671 8814
x0965 10879 44577 8447
x0966 10358 40237 8401
x0967 8530 40363 7723
x0968 10644 44071 8475
x0969 11070 46417 7493
x0970 8570 41274 6436
x0971 8517 42751 7385
x0972 9142 42792 8097
x0973 8873 40517 6890
x0974 8563 40459 7594
x0975 8384 41077 7492
x0976 8394 43459 7143
x0977 8012 37657 6657
x0978 8075 42851 7385
x0979 8700 44172 8203
x0980 6941 38158 6582
x0981 6152 34386 5822
x0982 6531 40759 5685
x0983 7117 40147 6692
x0984 9141 44791 8903
x0985 8718 46080 8748
x0986 7569 39910 6477
x0987 8997 42889 7799
x0988 8145 41803 6668
x0989 9016 47877 8087
x0990 9088 51328 8219
x0991 8296 43756 7288
x0992 7939 48202 7049
x0993 8745 46440 8005
x0994 9848 52493 8535
x0995 9177 50835 7884
x0996 9861 46794 8325
x0997 10250 50180 8948
x0998 10529 52503 9358
x0999 9470 46170 8263
x1000 10939 54191 9948
