x0000 64 535 31
x0001 89 654 37
x0002 79 672 29
x0003 78 748 35
x0004 133 1137 56
x0005 121 1013 42
x0006 169 1158 51
x0007 200 1339 57
x0008 243 1720 117
x0009 238 1803 104
x0010 206 1652 95
x0011 261 2013 141
x0012 312 2127 117
x0013 286 1780 79
x0014 286 1858 67
x0015 269 1777 99
x0016 348 2311 116
x0017 289 1757 99
x0018 302 2132 122
x0019 287 1874 117
x0020 333 2316 126
x0021 266 1970 110
x0022 318 2414 118
x0023 252 2102 131
x0024 283 2154 119
x0025 331 2587 163
x0026 288 2402 160
x0027 312 2518 173
x0028 365 3078 212
x0029 393 2901 192
x0030 301 2511 191
x0031 270 2414 166
x0032 225 1985 136
x0033 270 2290 141
x0034 257 2240 131
x0035 315 2126 115
x0036 357 2835 211
x0037 430 3284 291
x0038 551 3112 342
x0039 599 3364 315
x0040 592 3057 267
x0041 500 2913 242
x0042 623 3370 285
x0043 759 3625 272
x0044 470 2525 165
x0045 770 3849 331
x0046 1070 4015 480
x0047 831 3931 389
x0048 976 3972 512
x0049 1070 4729 529
x0050 1136 4597 595
x0051 961 3832 460
x0052 884 3637 529
x0053 923 3752 476
x0054 938 4044 478
x0055 1055 4598 452
x0056 912 4052 392
x0057 1011 4764 441
x0058 859 4477 442
x0059 916 5085 440
x0060 1028 4603 474
x0061 978 4792 446
x0062 1063 4803 575
x0063 1087 4937 531
x0064 1265 4988 533
x0065 1106 5187 610
x0066 1232 4931 507
x0067 1236 5231 554
x0068 1160 4884 511
x0069 1166 5150 587
x0070 1224 5419 617
x0071 1225 4936 509
x0072 1179 5569 633
x0073 1226 4944 733
x0074 1236 5799 715
x0075 1149 5935 666
x0076 1145 5266 729
x0077 1143 5161 836
x0078 1340 5876 1040
x0079 1279 5686 1036
x0080 1219 5437 847
x0081 1249 5044 847
x0082 1375 6207 1064
x0083 1390 5871 995
x0084 1283 5477 866
x0085 1335 6127 923
x0086 1446 6217 1115
x0087 1425 6675 1080
x0088 1574 7107 1330
x0089 1526 6575 1215
x0090 1544 7512 1240
x0091 1490 7041 1199
x0092 1541 7050 1279
x0093 1750 7921 1504
x0094 1612 7824 1295
x0095 1541 7607 1292
x0096 1551 6922 1257
x0097 1651 7560 1520
x0098 1478 6501 1201
x0099 1104 5454 945
x0100 1426 6391 1094
x0101 1752 7889 1534
x0102 1596 6527 1468
x0103 1925 7786 1917
x0104 1954 8673 1934
x0105 1989 7777 2015
x0106 1931 8366 1949
x0107 1782 7592 1652
x0108 1919 8507 1820
x0109 2058 8395 1950
x0110 2048 8491 2022
x0111 2036 8200 2010
x0112 2178 9143 2045
x0113 2113 9668 2247
x0114 2073 8666 2141
x0115 2369 9561 2435
x0116 2153 9390 2152
x0117 2361 10088 2429
x0118 2308 9374 2179
x0119 2192 9292 2211
x0120 2432 10040 2406
x0121 2351 9487 2190
x0122 2358 9600 2238
x0123 2161 8858 2022
x0124 2107 9006 1928
x0125 2278 10075 2182
x0126 2348 10031 2327
x0127 2085 9032 2086
x0128 1998 8079 1858
x0129 2222 9128 2016
x0130 2201 9324 2005
x0131 2154 9444 2097
x0132 2176 9924 2096
x0133 2423 10754 2399
x0134 2271 9980 2114
x0135 2228 10098 2209
x0136 2302 10140 2264
x0137 2366 10387 2298
x0138 2309 9416 2136
x0139 2403 10403 2245
x0140 2572 10557 2447
x0141 2773 10659 2499
x0142 2669 10132 2424
x0143 2577 10195 2453
x0144 2574 9729 2403
x0145 2599 9824 2455
x0146 2754 10368 2631
x0147 2279 9193 2223
x0148 2543 9981 2527
x0149 2589 9138 2469
x0150 2608 9025 2395
x0151 2676 9425 2605
x0152 2318 9139 2238
x0153 2393 9291 2177
x0154 2173 8937 2256
x0155 2525 10281 2419
x0156 2744 10744 2622
x0157 2440 10402 2383
x0158 2590 9891 2397
x0159 2551 10121 2379
x0160 2585 9978 2315
x0161 2622 10476 2478
x0162 2662 10500 2591
x0163 2455 9645 2265
x0164 2538 10015 2325
x0165 2671 10790 2470
x0166 2492 9677 2366
x0167 2643 9726 2337
x0168 2391 9239 2231
x0169 2605 10563 2408
x0170 2270 8901 2032
x0171 2616 10365 2419
x0172 2377 9703 2285
x0173 2581 9478 2476
x0174 2449 10151 2278
x0175 2740 10546 2467
x0176 2544 10128 2379
x0177 2353 8996 2181
x0178 2718 10668 2724
x0179 2542 10071 2438
x0180 2272 9581 2175
x0181 2573 9339 2453
x0182 2634 10059 2532
x0183 2734 10036 2455
x0184 2438 9684 2413
x0185 2528 9740 2438
x0186 2588 10749 2416
x0187 2541 10304 2555
x0188 2676 10367 2533
x0189 2561 9878 2439
x0190 2576 9994 2655
x0191 2614 10220 2566
x0192 2828 10528 2754
x0193 2797 10860 2633
x0194 2790 10707 2793
x0195 2682 10379 2515
x0196 2560 9957 2534
x0197 2632 9681 2565
x0198 2681 10429 2643
x0199 2590 10054 2581
x0200 2552 10218 2455
x0201 2659 9984 2582
x0202 2939 11250 2831
x0203 2901 10850 2539
x0204 2780 10766 2564
x0205 2811 11020 2640
x0206 3075 11467 2849
x0207 2815 10546 2570
x0208 2806 10718 2586
x0209 2544 9883 2279
x0210 2671 10187 2542
x0211 2743 10729 2459
x0212 2887 10546 2677
x0213 2765 10798 2547
x0214 2606 9775 2497
x0215 2725 10502 2526
x0216 2649 10091 2485
x0217 2658 10515 2580
x0218 2699 9982 2544
x0219 2756 10633 2542
x0220 2935 11127 2774
x0221 2782 11233 2638
x0222 2589 10115 2347
x0223 2951 11031 2854
x0224 2955 11229 2836
x0225 2618 9891 2542
x0226 2625 10358 2417
x0227 2411 9636 2318
x0228 2487 9901 2318
x0229 2640 10109 2476
x0230 2740 10728 2642
x0231 2515 10401 2484
x0232 2586 10120 2519
x0233 2726 10762 2622
x0234 2692 10115 2593
x0235 2843 11329 2664
x0236 2538 10501 2361
x0237 2801 10415 2715
x0238 2741 10905 2644
x0239 2624 10208 2568
x0240 2508 9687 2511
x0241 2778 11028 2665
x0242 2840 11311 2685
x0243 2866 11135 2652
x0244 2615 10453 2508
x0245 2944 11422 2839
x0246 2807 11292 2737
x0247 2953 11627 2811
x0248 2617 10539 2597
x0249 2746 10770 2774
x0250 3012 11229 2779
x0251 2810 11192 2469
x0252 2955 11292 2773
x0253 2592 10228 2405
x0254 2898 11150 2605
x0255 2960 11227 2833
x0256 2954 11742 2695
x0257 2803 11226 2624
x0258 2505 10872 2376
x0259 2692 10856 2383
x0260 2832 11193 2446
x0261 2744 10724 2285
x0262 2794 10601 2536
x0263 2830 10824 2636
x0264 2574 9754 2378
x0265 2758 10026 2441
x0266 2676 10573 2504
x0267 2485 9688 2192
x0268 2525 9853 2328
x0269 2341 9991 2203
x0270 2823 10686 2422
x0271 2611 10237 2377
x0272 2414 9420 2027
x0273 2753 10743 2435
x0274 2565 10234 2426
x0275 2237 8942 2024
x0276 2604 10048 2226
x0277 2610 10301 2489
x0278 2590 9935 2353
x0279 2447 9982 2277
x0280 2797 10783 2530
x0281 2887 11210 2556
x0282 2742 10335 2499
x0283 2912 11066 2675
x0284 2978 11107 2751
x0285 2561 9980 2510
x0286 2597 10374 2429
x0287 2649 10467 2460
x0288 2873 10849 2749
x0289 2654 9937 2634
x0290 2534 10245 2446
x0291 2334 9401 2293
x0292 2580 10045 2426
x0293 2614 10053 2558
x0294 2584 9777 2517
x0295 2455 9391 2350
x0296 2677 9763 2438
x0297 2661 10156 2759
x0298 2715 10384 2477
x0299 2709 10107 2584
x0300 2623 9267 2475
x0301 2574 9471 2320
x0302 2384 9194 2283
x0303 2908 10881 2682
x0304 2774 9703 2574
x0305 2954 10704 2813
x0306 3161 10759 2916
x0307 3062 10731 2860
x0308 2925 9858 2793
x0309 3099 10551 3186
x0310 2807 9628 2790
x0311 2936 10281 2893
x0312 2910 10315 2706
x0313 2887 10557 2666
x0314 2908 10210 2813
x0315 2720 9343 2643
x0316 2617 8980 2599
x0317 2823 9329 2554
x0318 2777 9708 2566
x0319 2483 8716 2331
x0320 2827 10049 2524
x0321 2547 8904 2244
x0322 2424 7852 2127
x0323 2490 9138 2400
x0324 2627 9426 2312
x0325 2730 9847 2648
x0326 2673 9874 2504
x0327 2737 10233 2606
x0328 2790 10150 2813
x0329 2668 9294 2573
x0330 2733 9310 2663
x0331 2472 8107 2462
x0332 2617 8785 2626
x0333 2850 9534 2667
x0334 2913 9424 2888
x0335 2605 7976 2460
x0336 2524 7723 2473
x0337 2258 8148 2474
x0338 2453 8005 2583
x0339 2352 7486 2252
x0340 2436 7742 2383
x0341 2412 7873 2276
x0342 2653 8458 2584
x0343 2588 8251 2364
x0344 2536 8196 2471
x0345 2628 8651 2749
x0346 2661 8738 2629
x0347 2316 7875 2212
x0348 2552 8708 2601
x0349 2261 7297 2377
x0350 2391 7575 2437
x0351 2459 7285 2346
x0352 2475 7578 2508
x0353 2297 7170 2468
x0354 2563 8003 2475
x0355 2403 8326 2312
x0356 2439 7939 2502
x0357 2504 8083 2616
x0358 2610 8282 2311
x0359 2584 8483 2628
x0360 2603 8279 2648
x0361 2301 7142 2338
x0362 2735 8660 2633
x0363 2335 7030 2263
x0364 2500 7946 2434
x0365 2518 8359 2489
x0366 2368 7845 2348
x0367 2255 7892 2256
x0368 2342 8062 2316
x0369 2422 9017 2256
x0370 2404 9218 2406
x0371 2283 8322 2275
x0372 2334 8842 2354
x0373 2511 9010 2675
x0374 2403 8742 2550
x0375 2411 8335 2620
x0376 2431 8619 2645
x0377 2313 8220 2670
x0378 2208 7997 2515
x0379 2173 7388 2220
x0380 2472 8786 2770
x0381 2471 8838 2719
x0382 2400 8878 2583
x0383 2385 8808 2502
x0384 2264 9018 2248
x0385 2408 8541 2581
x0386 2311 8026 2543
x0387 2229 8279 2372
x0388 2372 8338 2656
x0389 2371 8670 2654
x0390 2437 8940 2651
x0391 2109 6796 2270
x0392 2257 7943 2520
x0393 2490 8805 2733
x0394 2222 7651 2373
x0395 2343 8183 2515
x0396 2602 8828 2766
x0397 2368 8624 2538
x0398 2209 7651 2386
x0399 2236 7819 2348
x0400 2358 8122 2723
x0401 2226 7993 2501
x0402 2186 8006 2369
x0403 2402 8215 2586
x0404 2250 8219 2411
x0405 2231 8505 2305
x0406 2322 8567 2477
x0407 2317 8723 2490
x0408 2249 8140 2331
x0409 2356 8445 2402
x0410 2254 8166 2460
x0411 2521 8822 2685
x0412 2541 9158 2666
x0413 2236 8565 2565
x0414 2257 7810 2336
x0415 2199 7802 2245
x0416 2253 8307 2320
x0417 2242 8082 2079
x0418 2425 9095 2508
x0419 2587 8753 2521
x0420 2408 8409 2224
x0421 2462 8798 2435
x0422 2210 7966 2227
x0423 2478 8729 2488
x0424 2144 7454 2183
x0425 2285 7550 2255
x0426 2533 9177 2486
x0427 2598 8951 2647
x0428 2578 9014 2604
x0429 2208 7684 2198
x0430 2716 9312 2678
x0431 2593 9316 2456
x0432 2642 9271 2452
x0433 2393 8106 2542
x0434 2302 8451 2288
x0435 2594 9356 2756
x0436 2453 8448 2302
x0437 2714 9138 2683
x0438 2486 8183 2372
x0439 2336 8449 2256
x0440 2345 8053 2163
x0441 2455 8023 2402
x0442 2422 8188 2431
x0443 2524 8734 2437
x0444 2326 7851 2226
x0445 2461 8816 2418
x0446 2527 8488 2515
x0447 2531 7976 2534
x0448 2606 8447 2477
x0449 2366 7166 2249
x0450 2384 8136 2360
x0451 2614 8796 2618
x0452 2201 7149 2278
x0453 2340 7252 2189
x0454 2101 7686 2148
x0455 2253 7551 2286
x0456 2265 8171 2284
x0457 2304 7583 2359
x0458 2323 8342 2215
x0459 2574 9134 2657
x0460 2674 9742 2635
x0461 2563 8546 2586
x0462 2644 9074 2647
x0463 2431 8771 2328
x0464 2844 9143 2891
x0465 2530 9911 2437
x0466 2301 8621 2119
x0467 2411 8955 2164
x0468 2317 8960 2089
x0469 2351 8247 2282
x0470 2433 8273 2497
x0471 2352 8440 2249
x0472 2728 9980 2692
x0473 2453 8411 2339
x0474 2442 8960 2459
x0475 2062 7817 2056
x0476 2706 9478 2694
x0477 2939 9777 3037
x0478 2517 8805 2539
x0479 2400 8316 2325
x0480 2494 8452 2584
x0481 2592 9313 2630
x0482 2513 8008 2359
x0483 2709 9379 2790
x0484 2704 9324 2678
x0485 2409 9056 2396
x0486 2427 8459 2317
x0487 2404 8601 2525
x0488 2419 8412 2535
x0489 2654 9307 2745
x0490 2694 9468 2716
x0491 2543 9019 2466
x0492 2693 9404 2609
x0493 2895 9843 3015
x0494 2859 9540 3001
x0495 2614 9143 2778
x0496 2759 9065 2882
x0497 2837 9693 2870
x0498 2403 7807 2193
x0499 2754 9347 2777
x0500 2627 8868 2701
x0501 2713 9146 2676
x0502 2867 9715 2994
x0503 2653 8961 2582
x0504 2838 9293 2747
x0505 2602 9190 2573
x0506 2903 9828 3200
x0507 2963 9686 3104
x0508 2878 9303 2870
x0509 3062 10327 3264
x0510 2996 10280 3195
x0511 2904 10897 3035
x0512 3422 10888 3456
x0513 2800 9866 2910
x0514 3012 10091 3187
x0515 3073 9774 3084
x0516 2832 8994 2709
x0517 3084 10500 3069
x0518 3225 11260 3281
x0519 3202 10286 3348
x0520 2943 10182 2985
x0521 3063 10765 3008
x0522 2997 11079 3129
x0523 3492 12191 3623
x0524 3208 11082 3288
x0525 3519 12247 3540
x0526 3765 12844 3894
x0527 3641 12718 3741
x0528 3649 12712 3739
x0529 3164 11570 3221
x0530 3353 11621 3554
x0531 3574 12449 3678
x0532 3157 11231 3190
x0533 2926 10235 2949
x0534 3235 11612 3298
x0535 3304 11289 3362
x0536 3171 11242 3165
x0537 3148 10625 3247
x0538 3131 11199 3248
x0539 3458 12078 3770
x0540 3230 10905 3256
x0541 3191 11137 3438
x0542 3437 11948 3530
x0543 3305 11871 3545
x0544 3516 12697 3687
x0545 3199 11403 3543
x0546 3275 11459 3411
x0547 3323 11409 3413
x0548 3140 10854 3211
x0549 3377 12019 3519
x0550 3349 11056 3550
x0551 3035 9622 3274
x0552 3133 10594 3293
x0553 3396 11486 3454
x0554 2818 10473 2999
x0555 3277 11263 3415
x0556 2998 11013 3194
x0557 3243 11980 3305
x0558 3271 11865 3585
x0559 3112 10773 3320
x0560 3262 12241 3412
x0561 3206 11560 3379
x0562 3136 10776 3479
x0563 3135 11144 3299
x0564 3148 10757 3300
x0565 3388 12155 3567
x0566 2939 10315 3217
x0567 3007 10700 3313
x0568 3136 10867 3388
x0569 3363 10904 3499
x0570 3108 10932 2980
x0571 3275 11532 3338
x0572 3300 11572 3464
x0573 3402 12278 3430
x0574 3348 11432 3556
x0575 3181 11877 3470
x0576 3398 11617 3513
x0577 3205 11468 3282
x0578 3067 11027 3297
x0579 3249 11723 3364
x0580 3283 11837 3408
x0581 3282 11447 3416
x0582 3145 10789 3271
x0583 2996 10263 3212
x0584 3491 11876 3548
x0585 3646 12204 3851
x0586 3390 11882 3643
x0587 3040 11040 3311
x0588 3332 11573 3431
x0589 3536 12600 3764
x0590 3341 11971 3603
x0591 3580 12159 3764
x0592 3254 11960 3701
x0593 3405 12182 3523
x0594 3443 11817 3461
x0595 3460 12536 3705
x0596 3189 11725 3422
x0597 3043 11493 3230
x0598 3306 11754 3661
x0599 3304 11419 3613
x0600 3322 11476 3538
x0601 3450 11421 3657
x0602 3369 12035 3706
x0603 3296 11698 3534
x0604 3533 11896 3681
x0605 3338 11134 3483
x0606 3315 11704 3702
x0607 3187 11075 3316
x0608 3267 12025 3623
x0609 3202 11285 3468
x0610 3410 12322 3771
x0611 3290 11522 3143
x0612 3396 12088 3626
x0613 3173 11157 3248
x0614 3428 12197 3485
x0615 3421 11827 3473
x0616 3524 12137 3449
x0617 3044 10913 3063
x0618 3071 11037 3097
x0619 3313 11766 3449
x0620 3037 11196 3158
x0621 3591 12040 3675
x0622 3095 11030 3080
x0623 3626 12700 3774
x0624 3374 11677 3477
x0625 3384 12240 3486
x0626 2999 10866 3155
x0627 3060 11344 3174
x0628 3343 12285 3482
x0629 3410 11875 3630
x0630 3158 10828 3405
x0631 3276 11711 3541
x0632 3137 11350 3279
x0633 3175 11061 3155
x0634 3328 10729 3334
x0635 2951 10030 2950
x0636 3415 11855 3645
x0637 3403 11024 3528
x0638 3461 12662 3578
x0639 3320 12036 3559
x0640 3275 11876 3570
x0641 3365 12278 3663
x0642 3320 11571 3445
x0643 3515 12618 3568
x0644 3370 11885 3660
x0645 3463 12063 3584
x0646 3360 11747 3614
x0647 3514 12230 3562
x0648 3187 11651 3498
x0649 3156 11382 3228
x0650 3319 11003 3633
x0651 3074 10834 3112
x0652 3124 11384 3258
x0653 3025 10881 3299
x0654 3123 11562 3460
x0655 3077 11237 3264
x0656 2895 11258 3052
x0657 2723 10212 2996
x0658 3146 11997 3002
x0659 3280 11769 3479
x0660 3055 11616 3284
x0661 3060 11074 3071
x0662 2929 10341 3383
x0663 3023 11373 3370
x0664 3270 12034 3611
x0665 3002 11635 3318
x0666 2901 11215 3275
x0667 3062 10758 3385
x0668 3005 11074 3312
x0669 3299 11717 3705
x0670 3021 11069 3488
x0671 3155 11666 3515
x0672 3099 10949 3343
x0673 3303 11992 3426
x0674 3061 12011 3264
x0675 2861 10663 3312
x0676 3537 12716 3847
x0677 3163 11495 3487
x0678 3248 11900 3573
x0679 3233 12134 3548
x0680 3332 12266 3512
x0681 3182 11395 3378
x0682 3232 11286 3437
x0683 3458 12695 3350
x0684 3341 11441 3554
x0685 3085 11653 3217
x0686 3235 12279 3596
x0687 3273 12107 3535
x0688 3293 11789 3446
x0689 3047 11387 3332
x0690 3475 11941 3694
x0691 3102 11549 3494
x0692 2980 10787 3253
x0693 3050 9985 3255
x0694 3211 11272 3472
x0695 3048 11147 3196
x0696 3200 12259 3456
x0697 2914 11400 3077
x0698 3134 11818 3384
x0699 3131 11282 3353
x0700 3427 12593 3681
x0701 3396 12433 3674
x0702 3212 11756 3368
x0703 3435 12854 3611
x0704 3308 12291 3511
x0705 3205 11686 3445
x0706 3057 11137 3384
x0707 3215 11716 3597
x0708 3383 11326 3627
x0709 3137 11317 3312
x0710 2746 10927 2798
x0711 3113 12094 3514
x0712 2794 10582 3095
x0713 3053 12099 3376
x0714 2878 10895 3063
x0715 2922 10722 3009
x0716 2850 10471 3150
x0717 3862 13580 4086
x0718 3540 12369 3792
x0719 3310 11750 3468
x0720 3477 12440 3586
x0721 3545 12407 3749
x0722 3532 12335 3834
x0723 3432 12554 3715
x0724 3551 12384 3766
x0725 3568 12415 3718
x0726 3539 12620 3741
x0727 3480 12027 3799
x0728 3541 12647 3712
x0729 3394 12300 3612
x0730 3212 10434 3374
x0731 3204 11642 3490
x0732 3277 10990 3499
x0733 3315 11781 3625
x0734 3434 11987 3494
x0735 3327 12012 3382
x0736 3324 11232 3589
x0737 3658 12849 3794
x0738 3775 13198 3937
x0739 3504 12992 3604
x0740 3443 12193 3670
x0741 3839 13333 4149
x0742 3905 14140 4110
x0743 3310 11750 3468
x0744 3183 11731 3422
x0745 2970 10971 3079
x0746 3367 11827 3527
x0747 3500 11430 3791
x0748 3370 11608 3550
x0749 3167 11572 3406
x0750 3078 11383 3117
x0751 3279 11688 3369
x0752 3157 11321 3288
x0753 3289 11847 3392
x0754 3189 11449 3317
x0755 3441 12093 3576
x0756 3147 11654 3535
x0757 3287 11785 3649
x0758 3359 12700 3642
x0759 3173 11839 3516
x0760 3465 12526 3512
x0761 3378 12298 3630
x0762 3566 13227 3508
x0763 3398 12163 3549
x0764 3664 13875 3782
x0765 3108 11624 3413
x0766 3766 13650 3905
x0767 3267 12319 3524
x0768 3316 12459 3531
x0769 3407 12442 3654
x0770 3329 12000 3586
x0771 3460 12877 3563
x0772 3555 12899 3646
x0773 3599 13040 3662
x0774 3294 12962 3445
x0775 3657 12728 3916
x0776 3615 12615 3670
x0777 3135 11123 3320
x0778 3456 12369 3678
x0779 3321 12169 3425
x0780 3662 12519 3719
x0781 3328 11654 3546
x0782 3146 11824 3558
x0783 3293 11868 3560
x0784 3089 11050 3439
x0785 3370 11762 3589
x0786 3321 11359 3465
x0787 3329 11966 3426
x0788 3113 11780 3443
x0789 3281 12326 3503
x0790 2990 11374 3027
x0791 3369 11642 3517
x0792 3325 11640 3563
x0793 3652 12961 3890
x0794 2880 10697 3076
x0795 3199 11758 3379
x0796 3071 11672 3402
x0797 2836 11232 3137
x0798 2814 10315 2981
x0799 2885 11285 3221
x0800 2900 11116 3189
x0801 3097 11499 3359
x0802 2929 11513 3324
x0803 3585 12657 3858
x0804 3282 11704 3542
x0805 3230 11260 3465
x0806 3153 10534 3149
x0807 3211 11851 3466
x0808 3434 12253 3423
x0809 3054 10867 3284
x0810 3021 11304 3441
x0811 3139 11015 3237
x0812 3157 11381 3417
x0813 3007 10570 3259
x0814 3479 12371 3653
x0815 3427 11987 3696
x0816 3452 12460 3591
x0817 3171 11537 3247
x0818 3175 11683 3287
x0819 3518 12907 3675
x0820 3293 12361 3456
x0821 3346 12119 3450
x0822 3203 10816 3186
x0823 3100 11178 3113
x0824 2913 10792 3131
x0825 3263 11677 3205
x0826 2868 10922 3046
x0827 2669 10047 2684
x0828 2936 10427 2747
x0829 3141 11548 3077
x0830 3274 11784 3278
x0831 3125 11647 3373
x0832 3304 11782 3442
x0833 3174 11719 3252
x0834 2709 10090 2777
x0835 3018 10849 3153
x0836 3195 11488 3272
x0837 3378 12138 3594
x0838 3195 11656 3294
x0839 3195 11822 3319
x0840 2895 10439 2956
x0841 3341 12219 3355
x0842 2899 10726 3028
x0843 3421 12284 3601
x0844 2938 10674 3041
x0845 3291 11724 3321
x0846 3000 11055 3150
x0847 3269 11311 3375
x0848 3171 11358 3237
x0849 3392 12307 3607
x0850 3001 10941 3263
x0851 2907 10539 3207
x0852 3154 12480 3281
x0853 3199 12321 3395
x0854 2875 10865 3096
x0855 3476 13281 3544
x0856 3431 12472 3798
x0857 3021 10929 3255
x0858 3163 11981 3384
x0859 2951 11331 3296
x0860 3109 11555 3291
x0861 2954 10757 3125
x0862 3004 11101 3286
x0863 2846 10658 3149
x0864 2903 10611 3322
x0865 2677 10829 2965
x0866 3021 11321 3236
x0867 2666 10397 2868
x0868 2854 10655 3144
x0869 2983 11378 3217
x0870 2945 11289 3157
x0871 2622 10260 2871
x0872 2864 11043 2929
x0873 2982 11003 3035
x0874 2920 10601 3132
x0875 2837 10900 3099
x0876 2523 9837 2691
x0877 2812 10119 3000
x0878 2759 10149 3023
x0879 2836 11317 3052
x0880 2482 9972 2771
x0881 2782 10902 2969
x0882 2831 11003 2819
x0883 2619 10031 2575
x0884 2681 10720 2889
x0885 2926 11381 3084
x0886 2764 11060 3012
x0887 2689 10218 2846
x0888 2683 10209 2861
x0889 2691 10481 2938
x0890 2547 9698 2633
x0891 2792 10791 3070
x0892 2743 10631 2916
x0893 2778 10763 2930
x0894 2896 11110 3014
x0895 2600 9474 2804
x0896 2496 10490 2767
x0897 2964 11202 3039
x0898 2991 11309 3278
x0899 2861 10790 3002
x0900 2687 10397 2847
x0901 2882 11266 3057
x0902 2813 10575 2902
x0903 2902 11029 3089
x0904 2900 11124 2996
x0905 2923 11708 3135
x0906 2763 11082 2991
x0907 2897 10402 2991
x0908 2634 10048 2894
x0909 2845 10749 3059
x0910 2839 10864 2950
x0911 2825 10544 3102
x0912 2679 10928 2864
x0913 3008 11125 3258
x0914 3108 11444 3214
x0915 2650 9810 2765
x0916 2992 10939 3274
x0917 3053 11530 3372
x0918 2822 11138 3060
x0919 2901 10673 3079
x0920 2907 11170 3128
x0921 2665 10307 2781
x0922 2696 9988 2892
x0923 2906 10552 3195
x0924 2773 10450 3067
x0925 2952 10897 3171
x0926 2940 10985 3095
x0927 2683 10608 2999
x0928 2735 10435 2940
x0929 2929 11431 3031
x0930 2869 11019 3132
x0931 3013 11241 3137
x0932 2862 10700 3091
x0933 2990 11187 3214
x0934 2733 10623 2934
x0935 2807 10096 3207
x0936 2773 10238 3099
x0937 2973 11075 3343
x0938 2830 10452 3008
x0939 2920 10937 3163
x0940 2991 11042 3172
x0941 3005 11412 3161
x0942 2961 11155 3089
x0943 3059 11268 3251
x0944 3250 12337 3523
x0945 2869 10742 3042
x0946 3039 12124 3365
x0947 2986 11148 3071
x0948 2985 11558 3223
x0949 3202 12419 3294
x0950 3077 11573 3116
x0951 2662 10599 2670
x0952 3005 11156 3044
x0953 2772 11287 2777
x0954 2793 11417 2810
x0955 3137 12246 3145
x0956 3106 11747 3102
x0957 2589 10631 2711
x0958 2893 11008 2935
x0959 2897 10867 3072
x0960 3355 11914 3646
x0961 2796 11289 2935
x0962 2933 11108 3164
x0963 2604 10061 2911
x0964 2544 9924 2757
x0965 2806 10087 3217
x0966 2828 10540 3103
x0967 2855 10678 3120
x0968 2789 10769 3095
x0969 2729 10127 2897
x0970 2615 10330 2808
x0971 2733 10346 2852
x0972 2287 9006 2568
x0973 2433 9623 2822
x0974 3020 11842 3283
x0975 2882 10932 3206
x0976 2522 9928 2775
x0977 2669 9876 3031
x0978 2637 10290 2826
x0979 2294 9301 2433
x0980 2683 10712 2895
x0981 2460 9231 2674
x0982 2655 10099 2822
x0983 2217 8255 2569
x0984 2550 9369 2787
x0985 2443 9054 2868
x0986 2281 8626 2459
x0987 2542 9242 2751
x0988 2418 9245 2702
x0989 2362 9027 2306
x0990 2321 8672 2373
x0991 2176 8365 2339
x0992 2339 8909 2447
x0993 2171 8316 2393
x0994 2355 9166 2507
x0995 2424 8918 2686
x0996 2365 9065 2598
x0997 2524 9230 2781
x0998 2452 8967 2609
x0999 2552 9777 2896
x1000 2487 9087 2622
