x0000 0 10 5
x0001 0 3 3
x0002 0 9 6
x0003 0 9 6
x0004 0 9 6
x0005 0 11 4
x0006 0 4 2
x0007 0 7 3
x0008 0 7 3
x0009 0 9 6
x0010 0 5 5
x0011 0 7 3
x0012 0 5 5
x0013 0 7 3
x0014 0 4 2
x0015 0 7 3
x0016 0 9 6
x0017 0 9 6
x0018 0 9 6
x0019 0 5 5
x0020 0 9 6
x0021 0 5 5
x0022 0 5 5
x0023 0 5 5
x0024 0 7 3
x0025 0 5 5
x0026 0 5 5
x0027 0 5 5
x0028 0 9 6
x0029 0 9 6
x0030 0 9 6
x0031 0 9 6
x0032 0 9 6
x0033 0 9 6
x0034 0 9 6
x0035 0 5 5
x0036 0 9 6
x0037 0 5 5
x0038 0 9 6
x0039 0 9 6
x0040 0 9 6
x0041 0 5 5
x0042 0 14 7
x0043 0 14 7
x0044 0 14 7
x0045 0 20 8
x0046 0 14 7
x0047 0 14 7
x0048 0 14 7
x0049 0 20 8
x0050 0 9 6
x0051 0 20 8
x0052 0 14 7
x0053 0 20 8
x0054 0 14 7
x0055 0 14 7
x0056 0 14 7
x0057 0 14 7
x0058 0 14 7
x0059 0 20 8
x0060 0 14 7
x0061 0 14 7
x0062 0 14 7
x0063 0 20 8
x0064 0 14 7
x0065 0 14 7
x0066 0 14 7
x0067 0 14 7
x0068 0 14 7
x0069 0 14 7
x0070 0 14 7
x0071 0 14 7
x0072 0 14 7
x0073 0 14 7
x0074 4 10 7
x0075 4 23 9
x0076 0 14 7
x0077 0 9 6
x0078 0 14 7
x0079 0 19 9
x0080 0 14 7
x0081 4 22 10
x0082 4 22 10
x0083 4 22 10
x0084 0 19 9
x0085 0 14 7
x0086 4 22 10
x0087 4 22 10
x0088 4 22 10
x0089 4 16 8
x0090 4 22 10
x0091 4 16 8
x0092 4 22 10
x0093 4 22 10
x0094 0 19 9
x0095 4 22 10
x0096 4 22 10
x0097 4 22 10
x0098 4 22 10
x0099 4 22 10
x0100 4 22 10
x0101 4 22 10
x0102 3 18 7
x0103 4 22 10
x0104 4 22 10
x0105 4 22 10
x0106 0 19 9
x0107 0 19 9
x0108 0 19 9
x0109 0 14 7
x0110 0 19 9
x0111 0 14 7
x0112 0 19 9
x0113 0 14 7
x0114 0 19 9
x0115 0 19 9
x0116 0 19 9
x0117 0 19 9
x0118 0 19 9
x0119 0 19 9
x0120 4 22 10
x0121 0 19 9
x0122 0 19 9
x0123 0 19 9
x0124 0 14 7
x0125 0 19 9
x0126 0 19 9
x0127 0 19 9
x0128 0 14 7
x0129 0 19 9
x0130 0 19 9
x0131 0 19 9
x0132 0 14 7
x0133 0 14 7
x0134 0 19 9
x0135 0 14 7
x0136 4 16 8
x0137 0 19 9
x0138 0 19 9
x0139 0 19 9
x0140 0 19 9
x0141 0 19 9
x0142 2 17 9
x0143 4 16 8
x0144 0 14 7
x0145 0 19 9
x0146 0 19 9
x0147 0 19 9
x0148 0 14 7
x0149 4 22 10
x0150 4 16 8
x0151 0 19 9
x0152 0 14 7
x0153 0 19 9
x0154 0 14 7
x0155 4 16 8
x0156 0 14 7
x0157 0 19 9
x0158 0 19 9
x0159 0 19 9
x0160 3 18 7
x0161 4 22 10
x0162 4 22 10
x0163 4 22 10
x0164 0 14 7
x0165 4 16 8
x0166 4 16 8
x0167 0 19 9
x0168 4 16 8
x0169 4 22 10
x0170 4 22 10
x0171 4 16 8
x0172 4 22 10
x0173 4 16 8
x0174 4 22 10
x0175 4 16 8
x0176 4 16 8
x0177 4 22 10
x0178 4 16 8
x0179 4 16 8
x0180 3 16 9
x0181 4 16 8
x0182 3 16 9
x0183 4 22 10
x0184 4 22 10
x0185 4 22 10
x0186 4 22 10
x0187 5 28 12
x0188 4 22 10
x0189 0 19 9
x0190 4 16 8
x0191 4 22 10
x0192 7 25 13
x0193 4 16 8
x0194 6 19 11
x0195 4 16 8
x0196 7 25 13
x0197 4 22 10
x0198 4 22 10
x0199 0 19 9
x0200 4 16 8
x0201 4 22 10
x0202 0 19 9
x0203 4 22 10
x0204 4 22 10
x0205 4 22 10
x0206 4 22 10
x0207 4 22 10
x0208 4 22 10
x0209 4 22 10
x0210 4 22 10
x0211 4 22 10
x0212 4 22 10
x0213 7 25 13
x0214 4 22 10
x0215 4 22 10
x0216 4 16 8
x0217 0 19 9
x0218 4 22 10
x0219 4 22 10
x0220 4 22 10
x0221 4 22 10
x0222 4 22 10
x0223 0 19 9
x0224 4 16 8
x0225 4 22 10
x0226 4 22 10
x0227 4 22 10
x0228 4 22 10
x0229 4 16 8
x0230 4 22 10
x0231 4 22 10
x0232 4 22 10
x0233 4 22 10
x0234 4 22 10
x0235 4 22 10
x0236 4 22 10
x0237 4 22 10
x0238 4 16 8
x0239 4 22 10
x0240 4 22 10
x0241 4 22 10
x0242 4 22 10
x0243 4 22 10
x0244 4 22 10
x0245 4 22 10
x0246 4 22 10
x0247 4 22 10
x0248 4 16 8
x0249 4 22 10
x0250 4 22 10
x0251 4 16 8
x0252 4 22 10
x0253 4 22 10
x0254 4 22 10
x0255 4 22 10
x0256 4 22 10
x0257 4 10 7
x0258 4 22 10
x0259 4 16 8
x0260 4 22 10
x0261 4 22 10
x0262 4 22 10
x0263 4 22 10
x0264 4 22 10
x0265 4 22 10
x0266 4 22 10
x0267 4 22 10
x0268 4 22 10
x0269 4 22 10
x0270 4 22 10
x0271 4 16 8
x0272 4 22 10
x0273 4 22 10
x0274 4 16 8
x0275 4 22 10
x0276 4 16 8
x0277 4 22 10
x0278 4 22 10
x0279 4 16 8
x0280 4 22 10
x0281 4 22 10
x0282 4 22 10
x0283 4 22 10
x0284 4 22 10
x0285 4 22 10
x0286 4 22 10
x0287 4 22 10
x0288 4 22 10
x0289 4 16 8
x0290 4 22 10
x0291 7 25 13
x0292 4 16 8
x0293 7 25 13
x0294 4 22 10
x0295 4 22 10
x0296 4 22 10
x0297 4 22 10
x0298 4 22 10
x0299 4 16 8
x0300 4 22 10
x0301 4 22 10
x0302 4 22 10
x0303 4 16 8
x0304 4 22 10
x0305 4 16 8
x0306 4 22 10
x0307 6 26 13
x0308 4 22 10
x0309 4 22 10
x0310 4 22 10
x0311 4 22 10
x0312 4 22 10
x0313 4 16 8
x0314 4 22 10
x0315 4 16 8
x0316 4 22 10
x0317 4 22 10
x0318 4 22 10
x0319 4 16 8
x0320 4 22 10
x0321 4 22 10
x0322 4 22 10
x0323 4 16 8
x0324 4 22 10
x0325 4 16 8
x0326 4 22 10
x0327 4 16 8
x0328 4 22 10
x0329 5 19 12
x0330 4 22 10
x0331 4 22 10
x0332 4 22 10
x0333 7 25 13
x0334 4 22 10
x0335 7 25 13
x0336 6 19 11
x0337 7 25 13
x0338 6 19 11
x0339 4 16 8
x0340 9 29 17
x0341 7 25 13
x0342 9 29 17
x0343 7 23 15
x0344 9 29 17
x0345 9 29 17
x0346 9 29 17
x0347 9 29 17
x0348 9 30 16
x0349 7 23 15
x0350 7 23 15
x0351 9 27 19
x0352 7 23 15
x0353 7 23 15
x0354 7 23 15
x0355 9 29 17
x0356 4 22 10
x0357 7 25 13
x0358 7 23 15
x0359 9 29 17
x0360 4 16 8
x0361 9 29 17
x0362 7 23 15
x0363 7 23 15
x0364 7 23 15
x0365 7 23 15
x0366 7 23 15
x0367 7 23 15
x0368 9 29 17
x0369 9 29 17
x0370 16 40 22
x0371 12 33 21
x0372 12 37 17
x0373 16 40 22
x0374 16 40 22
x0375 16 40 22
x0376 16 40 22
x0377 12 34 20
x0378 12 34 20
x0379 12 34 20
x0380 13 34 19
x0381 9 31 15
x0382 12 37 17
x0383 16 40 22
x0384 12 34 20
x0385 12 34 20
x0386 12 37 17
x0387 12 37 17
x0388 16 40 22
x0389 16 40 22
x0390 12 34 20
x0391 9 24 12
x0392 9 31 15
x0393 12 34 20
x0394 12 34 20
x0395 12 37 17
x0396 9 31 15
x0397 12 34 20
x0398 16 40 22
x0399 16 40 22
x0400 9 31 15
x0401 16 40 22
x0402 16 40 22
x0403 16 40 22
x0404 12 37 17
x0405 12 34 20
x0406 16 40 22
x0407 13 34 19
x0408 9 28 18
x0409 13 34 19
x0410 10 31 14
x0411 10 31 14
x0412 9 28 18
x0413 9 28 18
x0414 7 25 13
x0415 7 25 13
x0416 7 25 13
x0417 9 28 18
x0418 10 31 14
x0419 13 34 19
x0420 16 40 22
x0421 12 36 18
x0422 12 34 20
x0423 16 40 22
x0424 13 42 23
x0425 13 35 18
x0426 17 46 28
x0427 16 37 25
x0428 17 46 28
x0429 13 42 23
x0430 13 42 23
x0431 12 36 18
x0432 13 42 23
x0433 17 46 28
x0434 16 40 22
x0435 17 46 28
x0436 17 46 28
x0437 17 46 28
x0438 17 46 28
x0439 17 46 28
x0440 13 42 23
x0441 13 42 23
x0442 17 46 28
x0443 17 46 28
x0444 17 46 28
x0445 23 50 32
x0446 17 46 28
x0447 17 46 28
x0448 13 42 23
x0449 17 46 28
x0450 13 42 23
x0451 13 42 23
x0452 13 42 23
x0453 13 42 23
x0454 13 42 23
x0455 13 42 23
x0456 13 42 23
x0457 17 46 28
x0458 13 42 23
x0459 17 46 28
x0460 17 46 28
x0461 17 46 28
x0462 17 46 28
x0463 17 46 28
x0464 17 46 28
x0465 13 42 23
x0466 13 42 23
x0467 17 46 28
x0468 13 42 23
x0469 13 42 23
x0470 13 42 23
x0471 13 42 23
x0472 13 42 23
x0473 13 42 23
x0474 13 42 23
x0475 13 42 23
x0476 13 42 23
x0477 13 42 23
x0478 13 42 23
x0479 13 42 23
x0480 12 36 18
x0481 13 42 23
x0482 10 38 18
x0483 13 42 23
x0484 13 42 23
x0485 13 42 23
x0486 13 42 23
x0487 13 42 23
x0488 17 46 28
x0489 13 42 23
x0490 13 33 20
x0491 13 42 23
x0492 13 42 23
x0493 13 42 23
x0494 13 42 23
x0495 13 42 23
x0496 13 42 23
x0497 17 46 28
x0498 13 42 23
x0499 13 42 23
x0500 13 42 23
x0501 13 42 23
x0502 13 42 23
x0503 13 42 23
x0504 10 38 18
x0505 13 42 23
x0506 13 42 23
x0507 13 42 23
x0508 13 42 23
x0509 12 34 20
x0510 13 42 23
x0511 13 42 23
x0512 13 42 23
x0513 13 42 23
x0514 13 42 23
x0515 9 39 18
x0516 13 42 23
x0517 13 42 23
x0518 10 38 18
x0519 13 42 23
x0520 13 42 23
x0521 13 42 23
x0522 13 42 23
x0523 13 42 23
x0524 13 42 23
x0525 13 42 23
x0526 13 42 23
x0527 13 42 23
x0528 13 42 23
x0529 13 42 23
x0530 13 42 23
x0531 13 42 23
x0532 13 42 23
x0533 13 42 23
x0534 13 42 23
x0535 13 42 23
x0536 13 42 23
x0537 13 42 23
x0538 13 42 23
x0539 13 42 23
x0540 13 42 23
x0541 13 42 23
x0542 13 42 23
x0543 18 46 27
x0544 18 46 27
x0545 18 46 27
x0546 13 35 18
x0547 18 46 27
x0548 18 46 27
x0549 18 46 27
x0550 12 36 18
x0551 18 46 27
x0552 13 42 23
x0553 18 46 27
x0554 12 36 18
x0555 18 46 27
x0556 17 40 21
x0557 18 46 27
x0558 13 42 23
x0559 18 46 27
x0560 14 42 22
x0561 17 46 28
x0562 18 46 27
x0563 18 46 27
x0564 18 46 27
x0565 18 46 27
x0566 23 50 32
x0567 23 50 32
x0568 18 44 29
x0569 23 50 32
x0570 23 50 32
x0571 23 50 32
x0572 23 50 32
x0573 18 46 27
x0574 23 50 32
x0575 23 50 32
x0576 23 50 32
x0577 23 50 32
x0578 23 50 32
x0579 23 50 32
x0580 23 50 32
x0581 23 50 32
x0582 18 47 26
x0583 18 47 26
x0584 23 50 32
x0585 18 47 26
x0586 18 47 26
x0587 18 47 26
x0588 18 47 26
x0589 18 47 26
x0590 18 47 26
x0591 18 47 26
x0592 23 50 32
x0593 23 50 32
x0594 23 50 32
x0595 23 50 32
x0596 23 50 32
x0597 23 50 32
x0598 23 50 32
x0599 23 50 32
x0600 23 50 32
x0601 23 50 32
x0602 23 50 32
x0603 23 50 32
x0604 23 50 32
x0605 23 50 32
x0606 23 50 32
x0607 23 50 32
x0608 23 50 32
x0609 23 50 32
x0610 23 50 32
x0611 23 50 32
x0612 23 50 32
x0613 23 50 32
x0614 23 50 32
x0615 23 50 32
x0616 23 50 32
x0617 23 50 32
x0618 23 50 32
x0619 23 50 32
x0620 23 50 32
x0621 23 50 32
x0622 23 50 32
x0623 23 50 32
x0624 23 50 32
x0625 23 50 32
x0626 23 50 32
x0627 23 50 32
x0628 23 50 32
x0629 23 50 32
x0630 23 50 32
x0631 23 50 32
x0632 23 50 32
x0633 23 50 32
x0634 23 50 32
x0635 23 50 32
x0636 23 50 32
x0637 23 50 32
x0638 23 50 32
x0639 23 50 32
x0640 23 50 32
x0641 23 50 32
x0642 23 50 32
x0643 23 50 32
x0644 23 50 32
x0645 23 50 32
x0646 23 50 32
x0647 23 50 32
x0648 23 50 32
x0649 23 50 32
x0650 23 50 32
x0651 23 50 32
x0652 23 50 32
x0653 23 50 32
x0654 23 50 32
x0655 23 50 32
x0656 23 50 32
x0657 23 50 32
x0658 23 50 32
x0659 23 50 32
x0660 23 50 32
x0661 23 50 32
x0662 23 50 32
x0663 23 50 32
x0664 23 50 32
x0665 23 50 32
x0666 23 50 32
x0667 23 50 32
x0668 23 50 32
x0669 23 50 32
x0670 23 50 32
x0671 23 50 32
x0672 19 45 27
x0673 23 50 32
x0674 23 50 32
x0675 23 50 32
x0676 23 50 32
x0677 23 50 32
x0678 23 50 32
x0679 23 50 32
x0680 23 50 32
x0681 23 50 32
x0682 23 50 32
x0683 23 50 32
x0684 23 50 32
x0685 23 50 32
x0686 23 50 32
x0687 23 50 32
x0688 23 50 32
x0689 23 50 32
x0690 23 50 32
x0691 23 50 32
x0692 23 50 32
x0693 23 50 32
x0694 23 50 32
x0695 23 50 32
x0696 23 50 32
x0697 23 50 32
x0698 23 50 32
x0699 23 50 32
x0700 23 50 32
x0701 23 50 32
x0702 23 50 32
x0703 23 50 32
x0704 23 50 32
x0705 23 50 32
x0706 23 50 32
x0707 23 50 32
x0708 23 39 29
x0709 23 39 29
x0710 23 50 32
x0711 23 50 32
x0712 23 50 32
x0713 23 39 29
x0714 23 50 32
x0715 23 50 32
x0716 23 50 32
x0717 23 50 32
x0718 23 50 32
x0719 23 50 32
x0720 23 50 32
x0721 23 50 32
x0722 23 50 32
x0723 23 50 32
x0724 23 50 32
x0725 23 50 32
x0726 23 50 32
x0727 23 50 32
x0728 23 50 32
x0729 23 50 32
x0730 23 50 32
x0731 23 50 32
x0732 23 50 32
x0733 23 50 32
x0734 23 50 32
x0735 23 50 32
x0736 23 50 32
x0737 23 50 32
x0738 23 50 32
x0739 23 50 32
x0740 23 50 32
x0741 23 39 29
x0742 23 39 29
x0743 23 50 32
x0744 23 50 32
x0745 23 50 32
x0746 23 50 32
x0747 23 50 32
x0748 23 50 32
x0749 23 50 32
x0750 23 50 32
x0751 23 50 32
x0752 23 50 32
x0753 23 50 32
x0754 23 50 32
x0755 23 50 32
x0756 23 50 32
x0757 23 50 32
x0758 23 50 32
x0759 23 50 32
x0760 23 50 32
x0761 23 50 32
x0762 23 50 32
x0763 23 50 32
x0764 23 50 32
x0765 23 50 32
x0766 23 50 32
x0767 23 50 32
x0768 23 50 32
x0769 23 50 32
x0770 23 50 32
x0771 23 50 32
x0772 23 50 32
x0773 23 50 32
x0774 23 50 32
x0775 23 50 32
x0776 23 50 32
x0777 23 50 32
x0778 23 50 32
x0779 23 50 32
x0780 23 50 32
x0781 23 50 32
x0782 23 50 32
x0783 23 50 32
x0784 23 50 32
x0785 23 50 32
x0786 23 50 32
x0787 23 50 32
x0788 23 50 32
x0789 23 50 32
x0790 23 50 32
x0791 23 50 32
x0792 23 50 32
x0793 23 50 32
x0794 23 50 32
x0795 23 50 32
x0796 23 50 32
x0797 23 50 32
x0798 23 50 32
x0799 23 50 32
x0800 23 50 32
x0801 23 50 32
x0802 23 50 32
x0803 19 45 27
x0804 19 45 27
x0805 19 45 27
x0806 19 45 27
x0807 19 45 27
x0808 19 45 27
x0809 19 45 27
x0810 19 45 27
x0811 23 50 32
x0812 23 50 32
x0813 19 45 27
x0814 19 45 27
x0815 19 45 27
x0816 23 50 32
x0817 23 50 32
x0818 23 50 32
x0819 23 50 32
x0820 23 50 32
x0821 23 50 32
x0822 23 50 32
x0823 23 50 32
x0824 23 50 32
x0825 23 50 32
x0826 23 50 32
x0827 23 50 32
x0828 23 50 32
x0829 23 50 32
x0830 23 50 32
x0831 23 50 32
x0832 23 50 32
x0833 23 50 32
x0834 23 50 32
x0835 23 50 32
x0836 23 50 32
x0837 23 50 32
x0838 23 50 32
x0839 23 50 32
x0840 23 50 32
x0841 23 50 32
x0842 23 50 32
x0843 23 50 32
x0844 23 50 32
x0845 23 50 32
x0846 23 50 32
x0847 23 50 32
x0848 23 50 32
x0849 23 50 32
x0850 23 50 32
x0851 23 50 32
x0852 23 50 32
x0853 23 50 32
x0854 23 50 32
x0855 23 50 32
x0856 23 50 32
x0857 23 50 32
x0858 23 50 32
x0859 23 50 32
x0860 23 50 32
x0861 23 50 32
x0862 23 50 32
x0863 23 50 32
x0864 23 50 32
x0865 23 50 32
x0866 23 50 32
x0867 23 50 32
x0868 23 50 32
x0869 23 50 32
x0870 23 50 32
x0871 23 50 32
x0872 23 50 32
x0873 23 50 32
x0874 23 50 32
x0875 23 50 32
x0876 23 50 32
x0877 23 50 32
x0878 23 50 32
x0879 23 50 32
x0880 23 50 32
x0881 23 50 32
x0882 23 50 32
x0883 23 50 32
x0884 23 50 32
x0885 23 50 32
x0886 23 50 32
x0887 23 50 32
x0888 23 50 32
x0889 23 50 32
x0890 23 50 32
x0891 23 50 32
x0892 23 50 32
x0893 23 50 32
x0894 23 50 32
x0895 23 50 32
x0896 23 50 32
x0897 23 50 32
x0898 23 50 32
x0899 23 50 32
x0900 23 50 32
x0901 23 50 32
x0902 23 50 32
x0903 23 50 32
x0904 23 50 32
x0905 23 50 32
x0906 23 50 32
x0907 23 50 32
x0908 23 50 32
x0909 23 50 32
x0910 23 50 32
x0911 23 50 32
x0912 23 50 32
x0913 23 50 32
x0914 23 50 32
x0915 23 50 32
x0916 23 50 32
x0917 23 50 32
x0918 23 50 32
x0919 23 50 32
x0920 23 50 32
x0921 23 50 32
x0922 23 50 32
x0923 23 50 32
x0924 23 50 32
x0925 23 50 32
x0926 23 50 32
x0927 23 50 32
x0928 23 50 32
x0929 23 50 32
x0930 23 50 32
x0931 23 50 32
x0932 23 50 32
x0933 23 50 32
x0934 23 50 32
x0935 23 50 32
x0936 23 50 32
x0937 23 50 32
x0938 23 50 32
x0939 23 50 32
x0940 23 50 32
x0941 23 50 32
x0942 23 50 32
x0943 23 50 32
x0944 23 50 32
x0945 23 50 32
x0946 23 50 32
x0947 23 50 32
x0948 23 39 29
x0949 23 50 32
x0950 23 50 32
x0951 21 42 28
x0952 23 50 32
x0953 21 42 28
x0954 23 50 32
x0955 21 42 28
x0956 23 50 32
x0957 23 50 32
x0958 23 50 32
x0959 23 50 32
x0960 23 50 32
x0961 23 50 32
x0962 23 50 32
x0963 23 50 32
x0964 23 50 32
x0965 23 50 32
x0966 23 50 32
x0967 21 42 28
x0968 21 42 28
x0969 23 50 32
x0970 23 50 32
x0971 23 50 32
x0972 21 42 28
x0973 23 50 32
x0974 23 50 32
x0975 23 50 32
x0976 23 50 32
x0977 21 42 28
x0978 23 50 32
x0979 23 50 32
x0980 23 50 32
x0981 23 50 32
x0982 23 50 32
x0983 23 50 32
x0984 23 50 32
x0985 23 50 32
x0986 23 50 32
x0987 23 50 32
x0988 23 50 32
x0989 21 42 28
x0990 23 50 32
x0991 23 50 32
x0992 23 50 32
x0993 23 50 32
x0994 23 50 32
x0995 23 50 32
x0996 23 50 32
x0997 23 50 32
x0998 23 50 32
x0999 23 50 32
x1000 23 50 32
