x0000 39 269 17
x0001 75 864 51
x0002 189 1411 111
x0003 106 1285 94
x0004 269 1880 129
x0005 172 1288 80
x0006 316 1736 159
x0007 347 2117 237
x0008 304 2105 219
x0009 280 1722 209
x0010 338 2011 279
x0011 264 1925 226
x0012 335 2124 242
x0013 420 2171 335
x0014 440 2023 312
x0015 387 2084 304
x0016 434 2285 284
x0017 344 1737 265
x0018 563 2360 398
x0019 593 2558 504
x0020 597 2672 386
x0021 636 3192 450
x0022 677 3441 538
x0023 754 3289 517
x0024 701 3362 497
x0025 711 3419 526
x0026 768 3144 553
x0027 708 3176 487
x0028 724 3355 481
x0029 759 3530 464
x0030 756 3492 505
x0031 851 3383 519
x0032 807 3491 553
x0033 818 3804 529
x0034 742 3638 471
x0035 811 3844 496
x0036 794 3472 487
x0037 832 3504 515
x0038 755 3272 438
x0039 589 3222 467
x0040 617 2896 492
x0041 841 3409 503
x0042 684 3177 510
x0043 1053 3806 601
x0044 890 3702 559
x0045 869 3191 500
x0046 882 3957 621
x0047 1008 4032 631
x0048 891 3871 594
x0049 861 3503 586
x0050 951 3795 610
x0051 1077 3864 624
x0052 979 4088 604
x0053 1097 3840 628
x0054 1036 3085 535
x0055 1200 3499 657
x0056 1094 3347 609
x0057 1139 3789 637
x0058 948 3725 580
x0059 1094 3841 630
x0060 917 4093 555
x0061 919 3966 575
x0062 1112 4471 633
x0063 1103 4403 599
x0064 1146 4541 641
x0065 1136 4793 626
x0066 1306 4870 727
x0067 1081 4747 613
x0068 1207 4513 608
x0069 1320 5357 704
x0070 1313 5354 714
x0071 1308 5286 666
x0072 1198 5105 600
x0073 1444 5860 824
x0074 1376 5631 743
x0075 1157 5428 675
x0076 1456 6332 727
x0077 1182 5112 609
x0078 1287 5431 663
x0079 1144 4493 579
x0080 1072 4475 558
x0081 1126 4901 643
x0082 1362 5345 674
x0083 1230 5252 658
x0084 1372 5293 716
x0085 1341 5172 747
x0086 1264 5218 658
x0087 1233 5103 685
x0088 1273 5078 670
x0089 1192 5113 598
x0090 1241 5542 720
x0091 1401 5590 759
x0092 1333 5976 692
x0093 1373 5637 740
x0094 1255 5267 618
x0095 1365 5543 718
x0096 1310 5351 720
x0097 1405 6315 795
x0098 1412 6213 760
x0099 1436 5706 733
x0100 1022 4094 555
x0101 1352 5046 742
x0102 1008 4192 578
x0103 1350 4969 702
x0104 1320 4912 671
x0105 1483 5483 784
x0106 1302 5162 676
x0107 1322 5218 720
x0108 1181 4511 636
x0109 1325 4800 661
x0110 1164 4215 616
x0111 1263 4543 635
x0112 1324 5111 705
x0113 1435 5240 706
x0114 1349 5511 766
x0115 1178 4783 709
x0116 1278 4673 719
x0117 1441 5288 774
x0118 1514 5603 884
x0119 1339 5295 626
x0120 1365 4920 736
x0121 1365 5273 743
x0122 1321 5332 607
x0123 1400 5334 769
x0124 1422 5056 782
x0125 1471 5036 753
x0126 1395 5098 767
x0127 1402 5133 725
x0128 1321 4997 585
x0129 1176 4453 587
x0130 1295 4961 647
x0131 1309 5039 673
x0132 1368 5048 724
x0133 1513 5273 717
x0134 1339 4887 677
x0135 1303 5020 698
x0136 1358 4850 695
x0137 1510 5564 801
x0138 1612 6661 907
x0139 1521 6345 780
x0140 1417 6298 800
x0141 1338 5869 668
x0142 1540 6549 822
x0143 1331 5570 725
x0144 1635 6142 869
x0145 1691 6616 873
x0146 1768 6317 826
x0147 1401 6395 719
x0148 1724 5970 821
x0149 1797 7006 927
x0150 1600 6138 777
x0151 1561 6140 814
x0152 1791 6713 812
x0153 1545 6060 780
x0154 1472 6229 684
x0155 1615 6726 839
x0156 1486 6056 714
x0157 1590 6898 828
x0158 1616 6738 826
x0159 1566 6286 794
x0160 1672 6739 905
x0161 1724 6974 893
x0162 1887 7357 1052
x0163 1888 7250 1015
x0164 1816 6878 1036
x0165 1824 7230 957
x0166 1757 6878 956
x0167 1865 7216 1072
x0168 1926 7168 1059
x0169 2126 7805 1244
x0170 1732 7128 1010
x0171 1849 7302 1002
x0172 1648 6718 950
x0173 1814 6891 1025
x0174 1896 7305 1095
x0175 1996 7586 1149
x0176 1949 7515 1121
x0177 2007 7433 1000
x0178 1891 6781 1058
x0179 1968 7501 1116
x0180 2056 8059 1210
x0181 2084 7917 1174
x0182 2172 8028 1276
x0183 1813 7424 1059
x0184 1731 6800 1060
x0185 2070 8064 1191
x0186 1904 7685 1142
x0187 2016 7521 1194
x0188 2036 8051 1238
x0189 2176 8041 1259
x0190 2203 8128 1297
x0191 1763 7040 1067
x0192 2000 7505 1226
x0193 2003 7542 1186
x0194 1963 7144 1189
x0195 1838 7400 1202
x0196 1920 7607 1204
x0197 2179 8332 1270
x0198 2069 7716 1241
x0199 2045 7170 1225
x0200 2169 8135 1324
x0201 2084 8176 1216
x0202 1904 7621 1206
x0203 2038 7215 1187
x0204 2058 7852 1265
x0205 1834 7264 1198
x0206 2055 7303 1227
x0207 1982 7312 1146
x0208 2156 7582 1288
x0209 1943 7320 1177
x0210 1967 7699 1212
x0211 2180 8536 1374
x0212 2066 7804 1156
x0213 2161 8016 1299
x0214 1855 7695 1181
x0215 2191 8452 1292
x0216 1934 7912 1180
x0217 2093 8531 1311
x0218 1900 7780 1198
x0219 2120 8609 1361
x0220 2043 7643 1192
x0221 2030 7696 1152
x0222 1888 7022 1101
x0223 1944 7571 1070
x0224 1896 7332 1068
x0225 1929 7485 1171
x0226 2005 8022 1148
x0227 2106 8291 1231
x0228 1983 8230 1263
x0229 2019 7390 1176
x0230 1929 7692 1257
x0231 2101 7383 1247
x0232 2089 7830 1256
x0233 1958 7997 1220
x0234 2002 7594 1282
x0235 2175 8217 1236
x0236 2079 8007 1239
x0237 2030 7692 1156
x0238 2294 8599 1353
x0239 2050 8226 1352
x0240 1809 7465 1166
x0241 2203 8455 1277
x0242 2104 8338 1186
x0243 2144 8333 1304
x0244 1983 8380 1265
x0245 2062 8554 1319
x0246 2142 7776 1257
x0247 2116 7927 1282
x0248 1880 7948 1198
x0249 1966 7846 1214
x0250 2042 7508 1035
x0251 2070 8057 1198
x0252 1951 7358 1131
x0253 2008 8099 1218
x0254 1908 7817 1153
x0255 2135 8399 1247
x0256 2023 8123 1179
x0257 1978 8138 1209
x0258 1939 7691 1101
x0259 2072 8098 1155
x0260 1851 7382 1063
x0261 2154 8236 1238
x0262 1816 6974 1080
x0263 2122 7835 1218
x0264 1948 7790 1140
x0265 1925 7511 1149
x0266 1998 7360 1082
x0267 2108 7901 1166
x0268 1747 7197 1067
x0269 2025 7551 1155
x0270 1962 8157 1206
x0271 1868 7460 1112
x0272 1880 7555 1150
x0273 2017 7685 1176
x0274 2079 8623 1233
x0275 2177 8348 1256
x0276 1716 7584 996
x0277 2142 8235 1251
x0278 1842 8222 1111
x0279 1947 7918 1161
x0280 2054 7862 1110
x0281 1993 8076 1256
x0282 2120 8407 1254
x0283 2267 8233 1281
x0284 1800 7205 1006
x0285 1846 7341 1109
x0286 2223 8048 1357
x0287 1940 8034 1052
x0288 1954 7533 1098
x0289 1973 8409 1246
x0290 2188 8203 1237
x0291 2112 8162 1202
x0292 1892 7421 1127
x0293 1885 7790 1056
x0294 2006 7949 1071
x0295 1983 7837 1206
x0296 1952 7901 1173
x0297 1822 7639 979
x0298 1803 7875 1053
x0299 1981 8496 1151
x0300 1942 7977 1107
x0301 2269 9008 1284
x0302 2083 7739 1056
x0303 1940 7172 1041
x0304 2200 7726 1249
x0305 2044 8087 1194
x0306 2010 8391 1227
x0307 1976 7086 1091
x0308 1946 7297 1053
x0309 1726 7011 993
x0310 1921 7035 1055
x0311 2116 7871 1188
x0312 1997 7777 1104
x0313 1988 8462 1178
x0314 1921 7687 1123
x0315 1763 8245 1018
x0316 2020 8012 1143
x0317 1784 7518 1138
x0318 2202 8816 1228
x0319 2153 8277 1198
x0320 2479 9738 1313
x0321 1876 8234 1065
x0322 2110 8461 1210
x0323 1950 8024 1052
x0324 2199 7706 1121
x0325 1895 7530 1015
x0326 1945 8312 1068
x0327 2142 7878 1155
x0328 2261 8752 1233
x0329 2169 8096 1211
x0330 2284 8400 1251
x0331 2135 7897 1143
x0332 2478 9097 1305
x0333 2385 9087 1248
x0334 2280 8916 1207
x0335 2293 8402 1240
x0336 2200 8434 1147
x0337 2025 7475 1085
x0338 2313 8227 1241
x0339 2510 9239 1454
x0340 2548 9442 1540
x0341 2482 8672 1407
x0342 2791 9745 1660
x0343 2489 9077 1475
x0344 2242 8283 1410
x0345 2643 9487 1565
x0346 2673 9354 1668
x0347 2410 9741 1544
x0348 2814 10110 1782
x0349 2693 9970 1702
x0350 2370 9415 1581
x0351 2794 9981 1760
x0352 2826 10114 1766
x0353 2711 10459 1708
x0354 2596 9278 1656
x0355 2511 9736 1614
x0356 2612 10370 1724
x0357 2779 10548 1724
x0358 2523 9385 1622
x0359 2368 8820 1532
x0360 2430 9224 1549
x0361 2697 9845 1654
x0362 2776 9875 1714
x0363 2603 9686 1572
x0364 2643 10308 1755
x0365 2697 9469 1695
x0366 2516 9287 1563
x0367 2909 9978 1819
x0368 2889 10374 1788
x0369 2703 9661 1664
x0370 2551 9251 1564
x0371 2234 8554 1458
x0372 2747 10246 1713
x0373 2327 8171 1592
x0374 2465 8667 1588
x0375 2747 9488 1793
x0376 2350 8663 1548
x0377 2807 9889 1839
x0378 2671 9199 1660
x0379 2573 9021 1609
x0380 2568 8669 1643
x0381 2436 8555 1570
x0382 2806 10092 1808
x0383 2427 9016 1598
x0384 2697 9447 1717
x0385 2534 8735 1611
x0386 2323 8637 1443
x0387 2209 8077 1342
x0388 2419 8632 1510
x0389 2368 8594 1599
x0390 2408 9179 1616
x0391 2462 9253 1651
x0392 2850 10353 1675
x0393 2583 8752 1545
x0394 2452 8813 1455
x0395 2577 9317 1636
x0396 2368 9061 1612
x0397 2671 9710 1815
x0398 2229 8505 1512
x0399 2316 8483 1447
x0400 2590 8663 1627
x0401 2362 8367 1517
x0402 2445 8524 1592
x0403 2534 9001 1668
x0404 2526 9474 1530
x0405 2642 9038 1686
x0406 2270 7561 1494
x0407 2416 9243 1707
x0408 2721 9474 1666
x0409 2503 8786 1591
x0410 2350 8100 1485
x0411 2445 8767 1508
x0412 2537 8428 1596
x0413 2556 8937 1710
x0414 2650 8538 1692
x0415 2433 8186 1627
x0416 2419 8605 1537
x0417 2542 8441 1578
x0418 2472 8401 1530
x0419 2430 8978 1633
x0420 2491 8181 1731
x0421 2396 8626 1698
x0422 2568 9404 1723
x0423 2800 9331 1897
x0424 2542 8814 1847
x0425 2699 9205 1791
x0426 2651 8882 1833
x0427 2751 9218 1892
x0428 2628 9103 1799
x0429 2490 8906 1645
x0430 2591 9410 1860
x0431 2356 9337 1673
x0432 2854 10446 2100
x0433 2283 8476 1644
x0434 2564 10046 1925
x0435 2255 7519 1551
x0436 2312 8893 1675
x0437 2626 9616 1786
x0438 2560 9671 1797
x0439 2387 8480 1694
x0440 2405 8737 1899
x0441 2535 9922 1739
x0442 2424 8853 1603
x0443 2447 9660 1754
x0444 2321 8804 1595
x0445 2543 9135 1688
x0446 2713 10007 1815
x0447 2365 8628 1568
x0448 2582 9044 1740
x0449 2366 8004 1565
x0450 2780 10097 1829
x0451 2116 8294 1371
x0452 2527 8949 1565
x0453 2667 9714 1815
x0454 2647 8703 1691
x0455 2758 9756 1851
x0456 2891 10297 1863
x0457 2629 10210 1867
x0458 2459 9146 1598
x0459 2783 10329 1939
x0460 2684 9602 1742
x0461 2593 9566 1536
x0462 2739 9966 1830
x0463 2737 9460 1831
x0464 2546 9831 1819
x0465 2570 9362 1763
x0466 3016 10245 2139
x0467 2629 9612 1787
x0468 2784 9464 1948
x0469 2780 9327 1921
x0470 2536 9213 1781
x0471 2820 9595 1950
x0472 2912 10331 1982
x0473 2736 9960 2010
x0474 2854 10060 1964
x0475 2458 9465 1772
x0476 2705 9182 1808
x0477 2675 9241 1945
x0478 2800 9470 1926
x0479 2832 9916 1958
x0480 2835 9763 1937
x0481 2800 9679 1886
x0482 2692 9213 1956
x0483 2937 9121 1970
x0484 2708 9132 1855
x0485 2672 9789 1904
x0486 2747 10217 1914
x0487 3013 10722 2196
x0488 2939 10377 2084
x0489 2796 10368 2061
x0490 2653 10377 2021
x0491 2593 9149 1788
x0492 3297 11631 2277
x0493 2766 9928 2012
x0494 2710 9628 2027
x0495 2829 10562 2009
x0496 2975 11011 2124
x0497 2943 10693 2117
x0498 2913 10036 2102
x0499 2727 9913 1895
x0500 2993 10018 2040
x0501 2703 10123 2052
x0502 2930 10802 2021
x0503 2643 10058 2005
x0504 3004 10416 2156
x0505 2767 10127 1984
x0506 2855 9463 2047
x0507 2790 9993 2095
x0508 2707 9818 2010
x0509 2580 9100 2015
x0510 2713 10259 2079
x0511 2886 10023 2142
x0512 2782 9553 2030
x0513 2717 9794 2024
x0514 2440 9320 1935
x0515 2655 9986 2065
x0516 2612 9968 2126
x0517 2755 10049 2074
x0518 2785 9228 2015
x0519 2697 10126 2055
x0520 2559 9334 1968
x0521 2658 9994 2054
x0522 2791 10009 2078
x0523 2957 10729 2245
x0524 2720 10052 2106
x0525 2559 9629 2008
x0526 2537 9432 1892
x0527 2479 9553 1829
x0528 2631 9597 1968
x0529 2909 10536 2131
x0530 2744 9608 2013
x0531 2718 10055 1933
x0532 2640 9907 1988
x0533 2545 9035 1786
x0534 2674 9731 1791
x0535 2289 8824 1767
x0536 2472 9064 1830
x0537 2642 9608 1946
x0538 2448 9095 1823
x0539 2194 8163 1578
x0540 2457 8460 1803
x0541 2451 9230 1849
x0542 2199 8844 1677
x0543 2424 8542 1754
x0544 2236 8143 1556
x0545 2346 8535 1680
x0546 2322 8457 1782
x0547 1991 6765 1540
x0548 2354 8224 1668
x0549 2145 7634 1546
x0550 2400 8657 1663
x0551 2323 8303 1777
x0552 2331 8432 1640
x0553 1863 7595 1568
x0554 2073 7728 1524
x0555 2187 8663 1711
x0556 2116 7695 1665
x0557 2281 8253 1712
x0558 2154 8138 1643
x0559 2186 9239 1778
x0560 2324 8055 1711
x0561 2048 8284 1603
x0562 2104 7267 1507
x0563 1821 7299 1465
x0564 2071 7261 1546
x0565 2024 7199 1508
x0566 1962 6534 1515
x0567 1849 6301 1441
x0568 1994 6316 1420
x0569 1820 6339 1432
x0570 1809 6358 1286
x0571 1873 6540 1317
x0572 1818 6111 1387
x0573 1954 6987 1644
x0574 1954 6749 1593
x0575 1980 6650 1523
x0576 1814 6303 1474
x0577 2129 6379 1645
x0578 2025 6949 1611
x0579 1954 6321 1595
x0580 1844 6913 1683
x0581 1831 6423 1476
x0582 1749 6354 1488
x0583 1923 7190 1618
x0584 2151 7287 1737
x0585 1759 7083 1454
x0586 1950 7056 1579
x0587 1914 7293 1524
x0588 1742 6275 1436
x0589 1855 6570 1586
x0590 2002 7509 1664
x0591 2057 7716 1552
x0592 1907 6737 1509
x0593 1810 6576 1625
x0594 2481 8448 1791
x0595 2395 8864 1782
x0596 2401 8601 1878
x0597 2132 7741 1603
x0598 2527 8467 1886
x0599 2414 8624 1842
x0600 2333 9045 1988
x0601 2165 7782 1681
x0602 2227 7945 1763
x0603 2390 8590 1900
x0604 2423 9377 1895
x0605 2455 8705 1881
x0606 2329 8150 1767
x0607 2485 8381 1854
x0608 2374 8605 1741
x0609 2469 8540 1871
x0610 2482 8816 1905
x0611 2229 7876 1676
x0612 2416 8986 1964
x0613 2517 9683 1996
x0614 2560 8770 1873
x0615 2898 9822 2158
x0616 2458 9648 2090
x0617 2837 9426 2102
x0618 2742 9558 2065
x0619 2484 8849 1870
x0620 2473 9245 1977
x0621 2641 8634 1928
x0622 2592 9677 1927
x0623 2597 9406 2025
x0624 2567 9398 2063
x0625 2447 9732 2017
x0626 2748 9845 2113
x0627 2271 9386 1709
x0628 2628 10357 2066
x0629 2713 10518 1994
x0630 2499 9625 1904
x0631 2517 10131 2058
x0632 2539 9770 2056
x0633 2612 10611 2002
x0634 2628 10460 2137
x0635 2792 10096 2163
x0636 2743 9960 2175
x0637 2685 10155 2038
x0638 2753 9973 2152
x0639 2713 10431 2081
x0640 2667 9750 2118
x0641 2612 10009 1914
x0642 2740 10419 2241
x0643 2823 10595 2158
x0644 2546 9790 2029
x0645 2705 10194 2152
x0646 2259 9124 1820
x0647 2815 10496 2265
x0648 2834 10360 2206
x0649 2639 9375 2014
x0650 2551 10382 1945
x0651 2579 10353 1946
x0652 2480 10030 1855
x0653 2424 10391 1891
x0654 2369 9914 1913
x0655 2391 9450 1854
x0656 2548 9845 1972
x0657 2560 9717 1919
x0658 2733 10638 2205
x0659 2303 10054 1671
x0660 2650 10107 2121
x0661 2673 10340 2038
x0662 2352 9234 1944
x0663 2578 10002 2126
x0664 2633 9362 2033
x0665 2342 9190 1834
x0666 2336 9478 1881
x0667 2272 8873 1735
x0668 2702 10017 1987
x0669 2569 9733 2063
x0670 2540 9302 2019
x0671 2804 10651 2121
x0672 2660 10151 2067
x0673 2528 10293 2057
x0674 2854 10907 2170
x0675 2851 10641 2084
x0676 2858 10829 2244
x0677 2846 10840 2245
x0678 2510 9298 1887
x0679 2408 8867 1928
x0680 2497 9259 1939
x0681 2542 9620 2034
x0682 2570 9432 2026
x0683 2631 9694 2040
x0684 2828 10731 2194
x0685 2912 11103 2275
x0686 2989 11320 2344
x0687 2492 10458 2101
x0688 2692 10091 2095
x0689 2496 9270 1929
x0690 2955 11104 2231
x0691 2806 10482 2112
x0692 2663 10392 1996
x0693 2697 10071 2110
x0694 2929 11291 2251
x0695 2670 9981 2055
x0696 2734 10484 2182
x0697 2679 9744 2112
x0698 2495 8833 1875
x0699 2776 10877 2100
x0700 2881 11014 2215
x0701 2758 10330 2137
x0702 2764 10728 2084
x0703 2612 9845 2078
x0704 2508 9603 1917
x0705 2785 10614 2177
x0706 2520 9919 1926
x0707 2376 10271 1888
x0708 2486 9444 1931
x0709 2463 9504 1894
x0710 2545 9625 2026
x0711 2534 10278 1894
x0712 2622 10408 2021
x0713 2702 10266 2083
x0714 2437 10304 1965
x0715 2584 11129 2040
x0716 2824 10913 2194
x0717 2483 10248 1975
x0718 2777 11199 2134
x0719 2689 10750 2137
x0720 2604 10524 2097
x0721 2697 10439 2089
x0722 2613 10034 2059
x0723 2586 9619 1991
x0724 2408 8743 1890
x0725 2485 10199 2022
x0726 2854 10857 2220
x0727 2574 9574 2048
x0728 2693 10472 2060
x0729 2701 10081 2096
x0730 3076 11639 2305
x0731 2730 10560 2110
x0732 2928 11320 2223
x0733 2501 10084 1950
x0734 2625 9762 1978
x0735 2666 10224 2161
x0736 2653 10042 2183
x0737 2497 10008 2030
x0738 2670 10216 2165
x0739 2447 9582 1999
x0740 2069 8732 1919
x0741 2271 9403 1856
x0742 2666 10757 2153
x0743 2621 10203 2054
x0744 2676 10565 2159
x0745 2534 10232 2112
x0746 2518 9647 1863
x0747 2815 10684 2254
x0748 2630 10097 2151
x0749 2627 10023 2228
x0750 2495 9663 2038
x0751 2463 9623 2110
x0752 2646 10115 2117
x0753 2517 9331 2013
x0754 2736 10682 2158
x0755 2768 10512 2120
x0756 2552 9447 2029
x0757 2539 9918 2078
x0758 2788 10247 2190
x0759 2701 10254 2096
x0760 2503 10104 2099
x0761 2690 10441 2094
x0762 2506 9688 2002
x0763 2412 9434 2015
x0764 2416 9465 1980
x0765 2392 8946 1865
x0766 2483 9036 2011
x0767 2354 8780 1907
x0768 2613 10294 2144
x0769 2582 9442 2004
x0770 2722 10357 2146
x0771 2549 9380 1932
x0772 2544 9737 1915
x0773 2576 9473 1979
x0774 2542 9325 1994
x0775 2532 9428 1901
x0776 2493 9426 1942
x0777 2655 10122 2101
x0778 2537 9449 1875
x0779 2460 9855 1881
x0780 2470 9186 1874
x0781 2481 9046 1839
x0782 2587 9784 1994
x0783 2830 10530 2216
x0784 2533 9650 2013
x0785 2631 10398 2022
x0786 2434 9428 1833
x0787 2266 9491 1938
x0788 2263 8979 1799
x0789 2550 9497 1981
x0790 2768 10449 2183
x0791 2573 9812 1980
x0792 2411 9434 1850
x0793 2597 9586 2013
x0794 2499 9518 1844
x0795 2669 9640 2056
x0796 2793 10333 2099
x0797 2339 8646 1735
x0798 2423 9185 1758
x0799 2507 9211 1977
x0800 2388 9400 1907
x0801 2342 9002 1859
x0802 2224 9599 1707
x0803 2482 9549 1997
x0804 2599 10062 2045
x0805 2626 9793 2116
x0806 2798 10663 2115
x0807 2652 10049 2005
x0808 2542 9939 1884
x0809 2466 10029 2040
x0810 2533 10148 2025
x0811 2581 10031 1923
x0812 2539 9315 2007
x0813 2869 10764 2120
x0814 2526 9442 1893
x0815 2834 10724 2018
x0816 2546 9495 1987
x0817 2773 10706 1921
x0818 2668 10804 1928
x0819 2704 10672 2024
x0820 2743 10327 1981
x0821 2816 10666 2094
x0822 2688 10311 2052
x0823 2513 9667 2016
x0824 2140 8254 1696
x0825 2390 9183 1793
x0826 2664 10020 2022
x0827 2668 9963 2075
x0828 2684 9935 2087
x0829 2629 10176 2073
x0830 2742 10408 2075
x0831 2398 9577 1886
x0832 2425 8987 1791
x0833 2743 10833 2000
x0834 2863 10968 2100
x0835 2555 10098 1882
x0836 2839 10775 1962
x0837 2697 10546 1982
x0838 2548 10077 1910
x0839 2805 11089 2216
x0840 2455 10249 2002
x0841 2652 10459 2114
x0842 2854 11067 2189
x0843 2877 11017 2037
x0844 2804 11191 2115
x0845 2673 10233 2145
x0846 2715 10545 2140
x0847 2712 10340 1999
x0848 2777 10922 2054
x0849 2792 10928 2033
x0850 2782 10759 2035
x0851 2716 10985 2052
x0852 2785 10594 2021
x0853 2775 10568 2057
x0854 2624 10259 1995
x0855 2784 10607 2009
x0856 2864 11113 2133
x0857 2955 11317 2199
x0858 2823 11188 2099
x0859 2699 11346 2065
x0860 2547 10101 2058
x0861 2496 9919 1950
x0862 2669 10408 1974
x0863 2739 10614 2047
x0864 3035 11535 2266
x0865 2745 10418 2062
x0866 2580 10124 2002
x0867 2876 10884 2171
x0868 2812 11447 2212
x0869 2738 10702 2136
x0870 2778 11139 2193
x0871 2804 10711 2061
x0872 2622 10780 1998
x0873 2743 10874 1959
x0874 2807 10686 2083
x0875 2923 11703 2210
x0876 2622 10815 1963
x0877 2812 10807 2134
x0878 2763 10419 2043
x0879 3005 11544 2104
x0880 2886 10894 2151
x0881 2937 11107 2066
x0882 2710 10093 2075
x0883 2928 11693 2215
x0884 2701 10108 2069
x0885 2596 10882 2098
x0886 2838 10961 2132
x0887 2904 11218 2168
x0888 2878 11776 2182
x0889 2776 11155 2179
x0890 2774 10638 1988
x0891 2988 11536 2129
x0892 2862 11065 2183
x0893 2763 11009 2159
x0894 2925 11389 2157
x0895 2796 10870 2087
x0896 2638 10776 1986
x0897 2952 11540 2161
x0898 2665 10843 2068
x0899 2634 10818 1948
x0900 2994 11281 2196
x0901 2852 11329 2109
x0902 2594 10295 1989
x0903 2686 10373 1992
x0904 2611 11173 1969
x0905 2476 10290 1940
x0906 2428 10337 1941
x0907 2467 10225 1843
x0908 2584 10871 1945
x0909 2664 10619 1942
x0910 2374 10007 1815
x0911 2608 10430 2013
x0912 2638 11164 1951
x0913 2599 11167 1987
x0914 2880 11484 2107
x0915 2887 11238 2165
x0916 2666 10884 2026
x0917 2509 10602 1940
x0918 2540 10516 1995
x0919 2667 10548 1836
x0920 2540 10060 1935
x0921 2339 9959 1898
x0922 2462 9589 1810
x0923 2688 10946 1942
x0924 2168 9005 1707
x0925 2564 10034 1937
x0926 2506 9494 1861
x0927 2492 9938 1935
x0928 2814 11021 2096
x0929 2583 10107 2016
x0930 2601 10080 2025
x0931 2645 10206 2027
x0932 2398 9982 1816
x0933 2501 9402 1958
x0934 2455 9862 1879
x0935 2372 9757 1899
x0936 2458 9871 1867
x0937 2377 9390 1763
x0938 2336 9074 1793
x0939 2375 8946 1720
x0940 2308 9276 1619
x0941 2392 9226 1748
x0942 2625 10008 1902
x0943 2243 9251 1709
x0944 2883 10480 2037
x0945 2354 8943 1744
x0946 2374 8783 1884
x0947 2518 9256 1756
x0948 2545 9806 1845
x0949 2461 9675 1892
x0950 2658 10146 2074
x0951 2557 9744 1895
x0952 2852 10548 2000
x0953 2883 10810 2060
x0954 2636 9780 1949
x0955 2466 9755 1807
x0956 2796 11116 2019
x0957 2515 9761 1920
x0958 2893 11102 2115
x0959 2637 10233 2008
x0960 2685 10517 2023
x0961 2603 10281 1994
x0962 2384 10095 1886
x0963 2800 10517 2083
x0964 2672 10537 2016
x0965 2327 8927 1787
x0966 2601 9990 1944
x0967 2652 10283 1943
x0968 2501 10114 1920
x0969 2711 10798 2067
x0970 2345 9481 1869
x0971 2601 9847 2087
x0972 2720 10597 2083
x0973 2499 10244 1963
x0974 2488 9662 1878
x0975 2387 9239 1904
x0976 2451 9904 2010
x0977 2493 10037 2005
x0978 2502 10179 2025
x0979 2482 9613 1933
x0980 2467 9079 1984
x0981 2464 9185 1881
x0982 2423 9040 1903
x0983 2261 9077 1865
x0984 2347 9582 1932
x0985 2539 9538 1951
x0986 2471 10086 1978
x0987 2491 9548 1989
x0988 2511 9691 1994
x0989 2573 9642 1981
x0990 2467 8904 1832
x0991 2191 9645 1859
x0992 2561 9778 2026
x0993 2391 9385 1919
x0994 2491 9912 1962
x0995 2803 10904 2224
x0996 2503 9209 1983
x0997 2489 9343 1863
x0998 2793 9874 2039
x0999 2249 8313 1841
x1000 2614 9396 2018
