x0000 54 192 7
x0001 77 530 23
x0002 77 383 36
x0003 93 446 22
x0004 86 414 28
x0005 102 527 37
x0006 131 525 47
x0007 125 624 31
x0008 150 752 44
x0009 128 529 46
x0010 151 710 42
x0011 137 684 40
x0012 111 676 33
x0013 139 677 45
x0014 164 786 40
x0015 199 748 43
x0016 200 870 58
x0017 160 701 42
x0018 126 586 29
x0019 133 652 35
x0020 102 648 30
x0021 159 661 41
x0022 123 709 29
x0023 185 807 43
x0024 198 790 47
x0025 193 784 58
x0026 168 738 40
x0027 273 940 62
x0028 213 818 50
x0029 187 753 50
x0030 214 813 54
x0031 178 777 35
x0032 263 954 58
x0033 234 877 65
x0034 290 1011 77
x0035 283 932 60
x0036 258 907 60
x0037 218 1050 58
x0038 274 1311 68
x0039 248 1086 44
x0040 253 1230 57
x0041 359 1127 110
x0042 400 1325 105
x0043 301 1324 86
x0044 486 1272 133
x0045 450 1438 128
x0046 445 1366 142
x0047 530 1622 194
x0048 507 1661 178
x0049 397 1290 143
x0050 493 1458 194
x0051 498 1463 184
x0052 368 1361 101
x0053 431 1447 138
x0054 464 1309 180
x0055 406 1295 129
x0056 348 1314 108
x0057 466 1270 155
x0058 468 1339 146
x0059 579 1444 188
x0060 647 1434 197
x0061 607 1336 202
x0062 643 1384 184
x0063 446 1276 169
x0064 624 1352 235
x0065 524 1371 185
x0066 514 1210 167
x0067 712 1561 283
x0068 530 1256 167
x0069 542 1255 219
x0070 538 1211 204
x0071 565 1244 207
x0072 628 1398 185
x0073 563 1225 165
x0074 692 1220 233
x0075 488 1214 189
x0076 591 1297 192
x0077 552 1301 227
x0078 611 1185 220
x0079 480 1131 159
x0080 626 1280 174
x0081 666 1317 228
x0082 606 1157 190
x0083 599 1420 192
x0084 600 1400 211
x0085 582 1358 205
x0086 743 1568 245
x0087 731 1553 201
x0088 598 1471 209
x0089 716 1538 231
x0090 687 1514 214
x0091 721 1508 186
x0092 701 1548 236
x0093 617 1523 206
x0094 605 1337 203
x0095 620 1476 182
x0096 609 1402 200
x0097 653 1484 209
x0098 625 1525 196
x0099 663 1562 190
x0100 722 1713 266
x0101 600 1474 204
x0102 673 1373 232
x0103 582 1299 199
x0104 486 1214 191
x0105 697 1517 271
x0106 603 1442 233
x0107 737 1465 283
x0108 698 1451 266
x0109 698 1421 227
x0110 700 1474 241
x0111 413 1084 156
x0112 598 1215 203
x0113 600 1421 257
x0114 657 1302 252
x0115 661 1316 234
x0116 558 1267 191
x0117 668 1521 226
x0118 781 1635 212
x0119 665 1590 230
x0120 676 1665 215
x0121 724 1582 250
x0122 735 1791 249
x0123 777 1748 250
x0124 679 1721 228
x0125 743 1877 230
x0126 793 1877 256
x0127 530 1275 211
x0128 635 1550 230
x0129 700 1559 226
x0130 535 1388 222
x0131 580 1442 189
x0132 644 1473 229
x0133 608 1590 217
x0134 616 1562 168
x0135 677 1511 227
x0136 578 1387 180
x0137 805 1629 267
x0138 882 1735 309
x0139 745 1587 224
x0140 747 1710 244
x0141 584 1560 202
x0142 650 1477 219
x0143 860 1606 309
x0144 838 1594 269
x0145 905 1715 306
x0146 858 1765 303
x0147 769 1737 269
x0148 699 1483 233
x0149 905 1602 268
x0150 766 1414 235
x0151 818 1714 318
x0152 968 1748 365
x0153 808 1626 267
x0154 872 1664 314
x0155 740 1520 225
x0156 645 1514 187
x0157 625 1398 188
x0158 792 1547 217
x0159 617 1502 227
x0160 623 1409 179
x0161 645 1267 168
x0162 629 1304 147
x0163 543 1136 151
x0164 618 1411 182
x0165 622 1471 185
x0166 650 1506 190
x0167 697 1596 192
x0168 546 1293 177
x0169 778 1753 244
x0170 916 1688 246
x0171 835 1489 232
x0172 705 1435 206
x0173 960 1588 302
x0174 1072 1645 364
x0175 1056 1900 365
x0176 979 1554 393
x0177 1152 1900 434
x0178 1148 1718 374
x0179 963 1613 350
x0180 943 1753 385
x0181 968 1783 330
x0182 1135 2017 418
x0183 1098 2120 437
x0184 1025 1907 389
x0185 1158 1968 444
x0186 1022 1816 402
x0187 938 1968 334
x0188 1181 2024 450
x0189 935 1769 377
x0190 1046 2083 357
x0191 1078 1892 351
x0192 1301 2300 494
x0193 859 1644 272
x0194 1040 1902 461
x0195 934 1858 368
x0196 873 1651 326
x0197 840 1611 324
x0198 1101 2012 373
x0199 918 1499 358
x0200 851 1689 310
x0201 1019 1841 380
x0202 933 1990 317
x0203 1039 1886 396
x0204 908 1745 428
x0205 1044 2025 417
x0206 984 1882 374
x0207 870 1664 392
x0208 892 1625 333
x0209 918 1723 362
x0210 1046 2007 433
x0211 1122 2187 432
x0212 1032 1907 382
x0213 1123 2192 426
x0214 1099 2085 471
x0215 966 1904 370
x0216 1000 2140 430
x0217 1087 1966 433
x0218 995 1948 460
x0219 818 1593 364
x0220 920 1949 371
x0221 819 1611 345
x0222 927 1808 425
x0223 889 1759 355
x0224 814 1777 335
x0225 797 1658 320
x0226 1030 2060 396
x0227 1145 2043 382
x0228 889 1692 345
x0229 996 1847 397
x0230 1301 2405 480
x0231 1097 2071 402
x0232 1160 2255 413
x0233 1091 1970 425
x0234 1279 2287 439
x0235 1064 1897 442
x0236 1141 1953 392
x0237 1181 2188 459
x0238 1257 2303 445
x0239 1221 2068 452
x0240 1161 2368 476
x0241 1114 2086 370
x0242 1170 2164 407
x0243 1124 2077 454
x0244 1286 2317 492
x0245 1120 2158 377
x0246 1152 2175 414
x0247 987 1998 336
x0248 1053 2068 365
x0249 1114 2133 408
x0250 1032 1936 353
x0251 1008 1973 340
x0252 1000 2020 383
x0253 987 1820 433
x0254 1050 2138 382
x0255 957 1642 327
x0256 929 1735 339
x0257 1035 2098 353
x0258 1122 2084 449
x0259 1155 2046 454
x0260 1157 1859 470
x0261 1104 2017 449
x0262 1140 2078 437
x0263 1111 2133 411
x0264 1039 2063 384
x0265 1002 2027 374
x0266 1084 1939 380
x0267 1123 1969 394
x0268 968 1980 373
x0269 1107 2106 442
x0270 1125 2078 452
x0271 1031 2078 377
x0272 1057 2027 402
x0273 992 2054 357
x0274 1110 2019 441
x0275 951 2019 351
x0276 983 1742 435
x0277 1172 1950 448
x0278 1059 2139 372
x0279 1028 2000 375
x0280 999 2100 387
x0281 1302 2370 514
x0282 1164 2256 408
x0283 1147 2139 455
x0284 1227 2288 401
x0285 1256 2305 444
x0286 1210 2311 395
x0287 1269 2308 428
x0288 1324 2432 430
x0289 1044 1941 336
x0290 1064 2234 357
x0291 1125 2333 370
x0292 1146 2130 379
x0293 1120 2349 359
x0294 918 1997 325
x0295 1132 2349 347
x0296 1321 2562 395
x0297 1298 2662 411
x0298 1357 2327 411
x0299 1323 2557 398
x0300 1434 2653 473
x0301 1276 2402 417
x0302 1223 2376 406
x0303 1335 2502 441
x0304 1246 2367 392
x0305 1420 2591 454
x0306 1168 2105 382
x0307 1223 2284 409
x0308 1334 2202 469
x0309 1245 2293 378
x0310 1365 2372 449
x0311 1440 2462 469
x0312 1182 2133 426
x0313 1146 2142 367
x0314 1081 1928 394
x0315 1058 2119 393
x0316 1035 2076 375
x0317 1411 2464 496
x0318 1345 2382 459
x0319 1357 2459 462
x0320 1100 2187 368
x0321 1247 2066 428
x0322 1340 2221 444
x0323 1034 1932 355
x0324 1096 2136 338
x0325 1188 2023 444
x0326 1246 2268 402
x0327 1299 2334 462
x0328 1358 2335 493
x0329 915 1804 362
x0330 1436 2436 499
x0331 1308 2309 478
x0332 1227 2079 435
x0333 1433 2172 490
x0334 1428 2129 448
x0335 1402 2108 406
x0336 1313 2004 424
x0337 1143 1941 319
x0338 1248 1957 365
x0339 1388 2117 411
x0340 1267 2230 331
x0341 1223 1897 283
x0342 1185 1831 305
x0343 1309 2134 298
x0344 1305 2207 316
x0345 1186 2215 254
x0346 1130 2249 276
x0347 1108 2230 232
x0348 1275 2136 330
x0349 1196 1921 286
x0350 1085 1867 208
x0351 1105 1945 271
x0352 1017 1787 199
x0353 929 1561 138
x0354 1183 1945 193
x0355 1121 1779 181
x0356 1048 1859 174
x0357 943 1801 182
x0358 1110 1903 227
x0359 1010 2079 232
x0360 1026 1727 250
x0361 1219 1797 305
x0362 1063 1800 218
x0363 1272 2139 330
x0364 1198 1762 280
x0365 1122 1848 270
x0366 1226 1963 297
x0367 1210 1816 377
x0368 1116 1897 308
x0369 1122 1861 257
x0370 1070 1475 305
x0371 1322 1870 378
x0372 1093 1488 422
x0373 1325 1927 403
x0374 1239 1778 386
x0375 1124 1494 385
x0376 1181 1855 450
x0377 1041 1740 379
x0378 1178 1623 439
x0379 1235 1747 421
x0380 1207 1671 443
x0381 1189 1786 428
x0382 1158 1673 409
x0383 1161 1712 448
x0384 1084 1560 359
x0385 1235 1770 481
x0386 1019 1644 340
x0387 1142 1879 465
x0388 1205 1781 417
x0389 1100 1601 380
x0390 1179 1629 432
x0391 944 1479 352
x0392 1198 1819 469
x0393 1237 1724 442
x0394 1197 1811 478
x0395 1139 1603 418
x0396 1126 1825 370
x0397 1151 1818 434
x0398 1252 1802 432
x0399 1187 1971 412
x0400 1240 1940 390
x0401 1223 2141 464
x0402 1241 2157 430
x0403 1095 1870 438
x0404 1334 2335 517
x0405 1226 1912 432
x0406 1128 2028 414
x0407 1127 1797 397
x0408 1355 2186 554
x0409 1239 1916 500
x0410 1239 1974 442
x0411 1132 1631 397
x0412 1310 1850 495
x0413 1120 1794 407
x0414 1206 1930 434
x0415 1186 1740 395
x0416 1209 1776 418
x0417 1112 1781 347
x0418 1280 2075 473
x0419 1165 1918 403
x0420 1201 2013 441
x0421 1166 2106 469
x0422 1321 1920 500
x0423 1288 2047 493
x0424 1176 1944 366
x0425 1123 2053 394
x0426 1219 2328 548
x0427 1251 2265 489
x0428 1404 2449 518
x0429 1158 1994 418
x0430 1386 2200 509
x0431 1395 2540 530
x0432 1311 2187 507
x0433 1382 2330 566
x0434 1209 2066 466
x0435 1211 2441 534
x0436 1153 2216 459
x0437 1106 2481 508
x0438 1178 2591 509
x0439 886 1961 393
x0440 1078 2135 442
x0441 1259 2399 528
x0442 1252 2423 511
x0443 1239 2671 555
x0444 1184 2463 448
x0445 1331 2714 708
x0446 1443 2788 719
x0447 1297 2697 662
x0448 1299 2493 579
x0449 1450 2780 621
x0450 1415 2912 623
x0451 1291 2742 623
x0452 1337 2978 635
x0453 1395 2623 542
x0454 1399 2960 591
x0455 1283 2759 614
x0456 1247 2771 542
x0457 1244 2336 515
x0458 1164 2482 540
x0459 1495 2803 752
x0460 1326 2468 671
x0461 1402 2548 706
x0462 1446 2794 710
x0463 1475 2897 678
x0464 1557 2918 778
x0465 1326 2393 559
x0466 1524 3013 716
x0467 1173 2346 576
x0468 1312 2815 529
x0469 1291 2951 511
x0470 1326 3014 610
x0471 1259 2779 522
x0472 1399 2889 563
x0473 1550 3083 723
x0474 1281 2903 472
x0475 1292 2712 556
x0476 1363 2913 575
x0477 1440 2899 512
x0478 1312 2745 599
x0479 1363 2910 578
x0480 1172 2518 496
x0481 1345 2940 566
x0482 1181 2574 431
x0483 1247 2377 471
x0484 1223 2658 490
x0485 1289 2589 493
x0486 1211 2674 486
x0487 1101 2392 423
x0488 1140 2484 471
x0489 1228 2686 457
x0490 1315 2733 417
x0491 1278 2747 440
x0492 1187 2482 426
x0493 1363 2811 579
x0494 1357 2763 536
x0495 1350 2760 546
x0496 1023 2574 498
x0497 1092 2307 429
x0498 1248 2903 505
x0499 1251 2624 496
x0500 1278 2795 487
x0501 1300 2837 519
x0502 1273 2827 460
x0503 1130 2429 446
x0504 1196 2562 428
x0505 1242 2667 462
x0506 1304 2752 504
x0507 1125 2503 467
x0508 1168 2343 405
x0509 1271 2491 516
x0510 1075 2308 358
x0511 1227 2684 460
x0512 1183 2551 452
x0513 1243 2608 520
x0514 1376 2832 545
x0515 1270 2570 531
x0516 1183 2614 481
x0517 1257 2601 513
x0518 1241 2477 468
x0519 1357 2791 605
x0520 1382 2676 598
x0521 1336 2695 529
x0522 1336 2865 552
x0523 1219 2482 485
x0524 1400 2836 517
x0525 1214 2467 414
x0526 1212 2520 454
x0527 1171 2420 414
x0528 1253 2215 448
x0529 1313 2199 404
x0530 1159 2369 388
x0531 1204 2887 469
x0532 1443 2513 509
x0533 1337 2620 508
x0534 1326 2566 479
x0535 1191 2275 450
x0536 1218 2373 504
x0537 1164 2221 443
x0538 1194 2299 423
x0539 1392 2332 554
x0540 1186 2213 429
x0541 1339 2182 484
x0542 990 1916 415
x0543 1296 2345 454
x0544 1390 2375 513
x0545 1331 2423 524
x0546 1099 2117 439
x0547 1287 2298 510
x0548 1269 2280 456
x0549 1259 2165 492
x0550 1162 2135 444
x0551 1305 2187 513
x0552 1405 2301 480
x0553 1305 2255 445
x0554 1095 1886 340
x0555 1340 2272 483
x0556 1281 2183 452
x0557 1287 2292 516
x0558 1336 2282 477
x0559 1221 2208 487
x0560 1374 2530 561
x0561 1325 2584 462
x0562 1186 2271 459
x0563 1429 2699 625
x0564 1382 2436 553
x0565 1161 2304 540
x0566 1417 2505 638
x0567 1446 2567 547
x0568 1371 2334 573
x0569 1285 2174 546
x0570 1235 2409 634
x0571 1614 2976 870
x0572 1558 2766 726
x0573 1673 2898 785
x0574 1456 2582 813
x0575 1557 2693 700
x0576 1354 2546 660
x0577 1533 2678 839
x0578 1472 2742 736
x0579 1553 2617 681
x0580 1388 2546 722
x0581 1656 2876 824
x0582 1439 2654 758
x0583 1277 2476 712
x0584 1600 2839 814
x0585 1455 2779 816
x0586 1401 2573 779
x0587 1435 2702 714
x0588 1355 2295 628
x0589 1343 2512 705
x0590 1298 2133 664
x0591 1274 2157 664
x0592 1493 2634 823
x0593 1463 2861 827
x0594 1433 2878 739
x0595 1291 2601 861
x0596 1376 2846 828
x0597 1337 2855 858
x0598 1388 2937 826
x0599 1096 2113 796
x0600 1349 2772 730
x0601 1275 2640 838
x0602 1120 2552 699
x0603 1370 2650 831
x0604 1428 2898 927
x0605 1218 2659 779
x0606 1119 2457 702
x0607 1126 2376 776
x0608 1127 2299 760
x0609 1244 2430 791
x0610 1225 2504 831
x0611 1104 2070 654
x0612 1112 2350 633
x0613 1189 2260 829
x0614 1248 2356 861
x0615 1342 2564 847
x0616 1143 2120 742
x0617 1193 2264 729
x0618 1379 2641 831
x0619 1257 2435 773
x0620 1182 2275 729
x0621 1280 2353 738
x0622 1238 2388 745
x0623 1376 2316 773
x0624 1485 2748 817
x0625 1302 2291 685
x0626 1273 2381 717
x0627 1212 2301 673
x0628 1463 2685 802
x0629 1401 2504 751
x0630 1299 2512 749
x0631 1323 2351 791
x0632 1445 2501 807
x0633 1401 2687 862
x0634 1439 2625 787
x0635 1293 2333 745
x0636 1411 2638 802
x0637 1269 2315 787
x0638 1430 2279 851
x0639 1354 2466 740
x0640 1400 2364 796
x0641 1306 2281 784
x0642 1481 2646 823
x0643 1513 2775 863
x0644 1404 2520 732
x0645 1518 2815 920
x0646 1553 2589 808
x0647 1490 2711 849
x0648 1437 2699 814
x0649 1414 2310 741
x0650 1459 2669 822
x0651 1528 2727 896
x0652 1533 2715 903
x0653 1534 2694 822
x0654 1348 2350 673
x0655 1287 2335 656
x0656 1262 2331 685
x0657 1470 2526 855
x0658 1402 2402 756
x0659 1307 2307 757
x0660 1402 2387 771
x0661 1558 2858 837
x0662 1359 2321 691
x0663 1327 2418 815
x0664 1256 2514 790
x0665 1479 2668 903
x0666 1320 2503 737
x0667 1474 2650 826
x0668 1381 2320 764
x0669 1635 2969 856
x0670 1381 2406 773
x0671 1373 2438 749
x0672 1142 2530 699
x0673 1416 2350 794
x0674 1491 2606 853
x0675 1494 2669 887
x0676 1471 2702 877
x0677 1422 2548 783
x0678 1586 3005 869
x0679 1241 2279 758
x0680 1190 2149 666
x0681 1288 2623 842
x0682 1244 2305 822
x0683 1435 2466 852
x0684 1421 2704 726
x0685 1286 2588 782
x0686 1165 2277 744
x0687 1338 2586 829
x0688 1363 2232 776
x0689 1377 2595 879
x0690 1423 2711 717
x0691 1265 2703 688
x0692 1386 2542 825
x0693 1336 2302 733
x0694 1381 2572 800
x0695 1335 2567 754
x0696 1230 2413 635
x0697 1369 2615 867
x0698 1156 2363 759
x0699 1376 2524 756
x0700 1494 2902 857
x0701 1597 2705 849
x0702 1198 2138 669
x0703 1500 2795 856
x0704 1464 2607 879
x0705 1708 3234 836
x0706 1542 2741 767
x0707 1544 2613 793
x0708 1507 2716 827
x0709 1499 2469 785
x0710 1447 2532 872
x0711 1560 2670 921
x0712 1538 2824 891
x0713 1643 3017 905
x0714 1489 2650 712
x0715 1486 2369 801
x0716 1486 2709 755
x0717 1476 2587 788
x0718 1573 2881 902
x0719 1446 2565 840
x0720 1500 2723 827
x0721 1377 2522 757
x0722 1387 2395 778
x0723 1132 2079 705
x0724 1392 2476 885
x0725 1224 2286 861
x0726 1178 2332 768
x0727 1421 2482 850
x0728 1369 2258 838
x0729 1443 2571 837
x0730 1265 2324 782
x0731 1361 2407 888
x0732 1393 2723 834
x0733 1446 2487 820
x0734 1427 2580 746
x0735 1441 2561 751
x0736 1510 2682 858
x0737 1513 2460 878
x0738 1493 2816 842
x0739 1253 2295 730
x0740 1477 2695 778
x0741 1308 2309 848
x0742 1623 2838 895
x0743 1481 2889 781
x0744 1424 2607 820
x0745 1562 2863 828
x0746 1688 3238 852
x0747 1551 2567 832
x0748 1592 2849 812
x0749 1407 2673 771
x0750 1438 2766 846
x0751 1362 2690 799
x0752 1484 2478 889
x0753 1578 2808 867
x0754 1619 2922 919
x0755 1456 2902 895
x0756 1474 2631 845
x0757 1490 2621 839
x0758 1493 2656 901
x0759 1445 2481 827
x0760 1277 2350 651
x0761 1415 2603 833
x0762 1558 2840 855
x0763 1491 2711 848
x0764 1498 2760 893
x0765 1545 2932 879
x0766 1716 3035 920
x0767 1571 2655 925
x0768 1426 2662 862
x0769 1363 2615 775
x0770 1672 3148 958
x0771 1430 2778 842
x0772 1572 2807 977
x0773 1568 3059 833
x0774 1421 2393 842
x0775 1367 2800 783
x0776 1600 2846 910
x0777 1556 2944 960
x0778 1695 2968 902
x0779 1331 2315 819
x0780 1460 2517 874
x0781 1495 2695 860
x0782 1291 2366 808
x0783 1253 2254 771
x0784 1181 2319 778
x0785 1039 2267 699
x0786 1184 2056 765
x0787 1220 2045 740
x0788 1358 2438 764
x0789 1342 2646 765
x0790 1334 2337 794
x0791 1525 2699 826
x0792 1305 2322 744
x0793 1304 2302 765
x0794 1302 2333 830
x0795 1573 2766 914
x0796 1534 2674 842
x0797 1675 2937 848
x0798 1361 2479 816
x0799 1374 2509 773
x0800 1749 2799 912
x0801 1677 2769 807
x0802 1700 2838 922
x0803 1390 2422 748
x0804 1337 2893 720
x0805 1352 2713 786
x0806 1306 2470 784
x0807 1383 2849 818
x0808 1311 2801 739
x0809 1408 2965 778
x0810 1364 2664 823
x0811 1273 2434 853
x0812 1373 2566 814
x0813 1257 2343 865
x0814 1331 2624 896
x0815 1309 2366 790
x0816 1605 2801 950
x0817 1590 3027 843
x0818 1565 2746 840
x0819 1504 2738 909
x0820 1360 2420 780
x0821 1555 2738 858
x0822 1470 2644 836
x0823 1437 2706 807
x0824 1499 2666 885
x0825 1327 2515 814
x0826 1520 2674 957
x0827 1664 2688 1004
x0828 1522 2793 938
x0829 1576 2819 961
x0830 1529 2629 892
x0831 1488 2427 936
x0832 1610 2723 1023
x0833 1508 2486 857
x0834 1724 2966 981
x0835 1466 2606 878
x0836 1488 2546 916
x0837 1429 2651 870
x0838 1375 2582 796
x0839 1520 2833 900
x0840 1465 2661 824
x0841 1506 2693 952
x0842 1393 2589 771
x0843 1540 2664 846
x0844 1521 2701 929
x0845 1562 2794 897
x0846 1447 2647 856
x0847 1613 2888 959
x0848 1503 2887 863
x0849 1405 2600 846
x0850 1480 2709 861
x0851 1495 2761 895
x0852 1402 2625 824
x0853 1472 2698 880
x0854 1355 2596 802
x0855 1533 2732 886
x0856 1486 2641 1024
x0857 1398 2515 840
x0858 1470 2608 872
x0859 1480 2889 884
x0860 1568 2688 895
x0861 1399 2560 892
x0862 1466 2678 906
x0863 1382 2625 844
x0864 1562 2908 886
x0865 1516 2741 793
x0866 1555 2778 920
x0867 1561 2826 866
x0868 1395 2772 883
x0869 1444 2527 880
x0870 1330 2509 817
x0871 1399 2753 798
x0872 1328 2595 733
x0873 1563 2831 962
x0874 1483 2678 889
x0875 1445 2587 819
x0876 1357 2550 749
x0877 1441 2720 889
x0878 1332 2398 735
x0879 1354 2580 819
x0880 1497 2572 881
x0881 1545 2768 838
x0882 1410 2633 808
x0883 1443 2490 820
x0884 1502 2831 818
x0885 1480 2873 798
x0886 1379 2620 754
x0887 1402 2492 762
x0888 1364 2569 820
x0889 1440 2668 842
x0890 1560 2764 929
x0891 1464 2607 879
x0892 1525 2836 892
x0893 1492 2810 951
x0894 1367 2468 821
x0895 1262 2323 786
x0896 1472 2756 923
x0897 1417 2535 899
x0898 1323 2405 832
x0899 1424 2727 799
x0900 1523 2707 921
x0901 1407 2424 825
x0902 1461 2548 842
x0903 1298 2376 791
x0904 1442 2540 869
x0905 1403 2617 831
x0906 1482 2587 881
x0907 1445 2670 835
x0908 1486 2703 861
x0909 1646 2835 979
x0910 1408 2618 825
x0911 1355 2627 869
x0912 1461 2739 951
x0913 1428 2733 889
x0914 1413 2604 834
x0915 1347 2465 844
x0916 1330 2503 823
x0917 1420 2667 963
x0918 1187 2078 830
x0919 1397 2590 864
x0920 1463 2708 879
x0921 1225 2402 838
x0922 1328 2540 885
x0923 1299 2447 814
x0924 1460 2594 797
x0925 1202 2393 776
x0926 1384 2411 861
x0927 1382 2497 874
x0928 1461 2857 935
x0929 1545 2835 976
x0930 1278 2479 803
x0931 1256 2343 772
x0932 1313 2610 830
x0933 1433 2759 858
x0934 1270 2498 792
x0935 1466 2632 852
x0936 1485 2696 869
x0937 1322 2527 807
x0938 1468 2734 848
x0939 1399 2708 843
x0940 1444 2740 866
x0941 1404 2607 840
x0942 1344 2608 801
x0943 1518 2593 839
x0944 1433 2718 899
x0945 1443 2679 828
x0946 1444 2783 823
x0947 1444 2742 864
x0948 1365 2472 819
x0949 1368 2462 730
x0950 1424 2755 771
x0951 1477 2739 834
x0952 1317 2459 689
x0953 1447 2669 834
x0954 1489 2665 796
x0955 1588 2998 874
x0956 1421 2913 817
x0957 1366 2590 797
x0958 1425 2714 811
x0959 1472 2640 838
x0960 1514 2703 833
x0961 1384 2787 779
x0962 1396 2720 834
x0963 1344 2657 752
x0964 1626 2974 860
x0965 1555 2390 808
x0966 1538 2806 807
x0967 1460 2778 812
x0968 1457 2791 802
x0969 1521 2788 842
x0970 1305 2673 775
x0971 1417 2732 801
x0972 1467 2703 880
x0973 1430 2775 845
x0974 1380 2678 793
x0975 1380 2667 804
x0976 1420 2729 801
x0977 1451 2561 741
x0978 1525 2794 832
x0979 1388 2809 853
x0980 1394 2668 789
x0981 1574 2945 837
x0982 1367 2728 855
x0983 1506 2969 881
x0984 1494 2770 887
x0985 1385 2675 890
x0986 1139 2449 783
x0987 1321 2551 881
x0988 1310 2557 789
x0989 1247 2473 840
x0990 1287 2492 877
x0991 1204 2438 823
x0992 1217 2511 832
x0993 1435 2757 858
x0994 1264 2508 788
x0995 1375 2596 880
x0996 1251 2443 866
x0997 1265 2474 821
x0998 1284 2502 774
x0999 1171 2334 773
x1000 1216 2614 826
