x0000 38 327 13
x0001 68 493 34
x0002 78 703 39
x0003 89 682 49
x0004 56 648 37
x0005 69 557 40
x0006 111 840 39
x0007 100 708 53
x0008 69 569 28
x0009 171 1109 98
x0010 202 1203 135
x0011 188 1299 109
x0012 211 1131 143
x0013 217 1340 154
x0014 184 1229 127
x0015 193 1063 122
x0016 209 1281 163
x0017 209 1124 152
x0018 247 1461 183
x0019 331 1709 238
x0020 296 1838 212
x0021 301 1613 231
x0022 219 1339 153
x0023 280 1537 199
x0024 282 1587 211
x0025 262 1494 197
x0026 362 1862 261
x0027 380 1944 304
x0028 345 1764 306
x0029 334 2026 268
x0030 351 2067 283
x0031 370 2326 307
x0032 340 2163 272
x0033 359 2235 332
x0034 413 2808 349
x0035 361 2203 286
x0036 446 2840 369
x0037 440 2565 398
x0038 465 2603 418
x0039 430 2357 373
x0040 418 2201 384
x0041 429 2380 351
x0042 496 2393 432
x0043 389 2139 322
x0044 405 2233 365
x0045 369 2258 299
x0046 477 2654 355
x0047 372 1942 314
x0048 406 2398 356
x0049 451 2597 355
x0050 491 2915 422
x0051 547 3114 434
x0052 445 2455 340
x0053 455 2567 299
x0054 366 2219 265
x0055 465 2681 340
x0056 425 2580 316
x0057 516 3083 406
x0058 429 2544 348
x0059 471 2661 354
x0060 539 2853 436
x0061 594 3144 448
x0062 497 2681 392
x0063 580 3367 424
x0064 572 3207 407
x0065 499 2759 397
x0066 543 3323 412
x0067 510 2818 413
x0068 553 3107 345
x0069 553 3263 370
x0070 513 3044 359
x0071 549 2904 375
x0072 527 3005 384
x0073 481 2844 330
x0074 466 2763 341
x0075 471 2862 322
x0076 584 3227 467
x0077 536 3329 413
x0078 623 3437 500
x0079 515 3088 402
x0080 475 2726 369
x0081 539 3186 461
x0082 543 3325 410
x0083 617 3496 447
x0084 639 3587 430
x0085 620 3628 505
x0086 598 3409 458
x0087 733 4184 543
x0088 678 3645 528
x0089 578 3411 476
x0090 701 4356 614
x0091 735 4260 570
x0092 621 3748 482
x0093 764 4229 572
x0094 687 3838 525
x0095 752 4280 533
x0096 619 3524 417
x0097 694 3674 385
x0098 635 3461 464
x0099 604 3368 399
x0100 568 3462 341
x0101 701 4038 412
x0102 622 3402 347
x0103 617 3801 433
x0104 655 3632 466
x0105 650 3429 481
x0106 672 3517 467
x0107 651 3476 433
x0108 790 4025 541
x0109 696 3704 451
x0110 747 3977 529
x0111 761 4070 525
x0112 798 4026 532
x0113 654 3474 432
x0114 647 3616 490
x0115 752 3852 547
x0116 842 4407 637
x0117 754 4103 603
x0118 736 4340 595
x0119 656 3892 502
x0120 708 3711 531
x0121 621 3301 449
x0122 720 3949 584
x0123 615 3702 534
x0124 650 3757 543
x0125 776 4087 597
x0126 837 3809 607
x0127 813 4436 637
x0128 834 4249 588
x0129 812 3963 581
x0130 953 4882 720
x0131 920 4670 738
x0132 848 4125 592
x0133 814 4459 613
x0134 743 3827 581
x0135 726 4035 595
x0136 809 4325 644
x0137 761 4205 599
x0138 890 5023 757
x0139 887 4940 728
x0140 807 4937 697
x0141 895 5123 652
x0142 779 4989 673
x0143 782 4951 708
x0144 818 4981 642
x0145 856 5384 663
x0146 857 4907 677
x0147 864 5478 679
x0148 794 4769 653
x0149 907 5189 690
x0150 765 4398 615
x0151 683 4054 516
x0152 698 4003 552
x0153 791 4530 565
x0154 771 4626 598
x0155 714 4194 552
x0156 744 4261 560
x0157 746 4342 583
x0158 876 5191 719
x0159 712 4480 586
x0160 725 4592 569
x0161 727 4372 572
x0162 729 4006 518
x0163 811 4962 668
x0164 1001 5560 820
x0165 905 5503 732
x0166 889 5311 703
x0167 921 5795 787
x0168 887 5717 777
x0169 786 5042 613
x0170 956 5622 803
x0171 948 5387 805
x0172 987 6000 888
x0173 844 4914 683
x0174 1024 5876 850
x0175 891 5410 720
x0176 960 5833 710
x0177 895 5496 749
x0178 895 5448 678
x0179 776 5316 694
x0180 1033 6088 754
x0181 800 5382 604
x0182 673 4671 542
x0183 828 5095 632
x0184 863 5670 727
x0185 1002 5845 779
x0186 811 5403 689
x0187 915 5595 750
x0188 854 5000 701
x0189 822 5387 694
x0190 863 5683 714
x0191 968 5780 755
x0192 956 5388 796
x0193 842 5225 719
x0194 844 5024 687
x0195 920 5268 715
x0196 990 5624 767
x0197 1006 5575 800
x0198 888 4876 677
x0199 884 5119 667
x0200 1092 5940 969
x0201 945 5361 834
x0202 889 5455 796
x0203 966 5607 808
x0204 1019 5752 855
x0205 975 5905 870
x0206 963 5602 816
x0207 968 5306 866
x0208 962 5595 824
x0209 961 5453 846
x0210 1044 5860 846
x0211 1033 5680 913
x0212 1012 5564 805
x0213 1136 6450 929
x0214 1092 6076 960
x0215 990 5761 875
x0216 1070 5921 884
x0217 1045 5797 908
x0218 1064 5918 893
x0219 1185 5926 1017
x0220 1014 5451 916
x0221 1107 6133 888
x0222 1112 5868 1021
x0223 1061 5391 929
x0224 1110 5935 956
x0225 1081 5617 928
x0226 1042 5562 899
x0227 1078 6143 907
x0228 1198 6093 965
x0229 1027 5283 950
x0230 1096 5972 933
x0231 1001 5491 889
x0232 1034 5470 877
x0233 1029 5422 930
x0234 1022 5817 911
x0235 1084 5628 914
x0236 1115 5676 959
x0237 1041 5510 952
x0238 1093 5900 882
x0239 1128 6118 1010
x0240 1085 5876 914
x0241 1122 6037 969
x0242 1086 6264 906
x0243 1115 6077 936
x0244 1131 6072 925
x0245 1068 6023 910
x0246 1067 5851 832
x0247 1117 6217 922
x0248 1149 6154 953
x0249 1162 6217 877
x0250 1127 6243 886
x0251 1100 6366 919
x0252 1099 5662 865
x0253 1061 5798 891
x0254 1053 5937 885
x0255 1107 5847 921
x0256 1126 6168 962
x0257 1076 5556 871
x0258 1035 5926 914
x0259 1120 6476 919
x0260 1052 6065 884
x0261 999 5232 790
x0262 1182 6514 950
x0263 1025 5803 798
x0264 988 5876 762
x0265 1049 5374 837
x0266 1052 5925 898
x0267 1018 5977 880
x0268 1050 5754 946
x0269 1100 6119 909
x0270 1034 5758 834
x0271 1088 5891 896
x0272 1021 5344 775
x0273 1196 6119 941
x0274 1001 5685 817
x0275 1064 5881 930
x0276 1118 6294 973
x0277 1195 6263 927
x0278 1190 6072 866
x0279 1024 5263 853
x0280 1157 6078 893
x0281 1100 5565 838
x0282 1083 5616 804
x0283 998 5140 765
x0284 1217 6098 941
x0285 1099 6054 848
x0286 1104 6175 849
x0287 963 5124 699
x0288 991 4611 726
x0289 1031 5169 821
x0290 1091 5558 854
x0291 1030 5208 783
x0292 1073 5269 798
x0293 1098 5726 802
x0294 956 4792 693
x0295 1148 5760 842
x0296 1015 5624 742
x0297 1163 5770 817
x0298 1103 5691 832
x0299 1119 5541 843
x0300 1031 5323 786
x0301 1044 5175 802
x0302 1102 5634 890
x0303 1188 6087 981
x0304 1212 6365 938
x0305 1114 5855 906
x0306 1118 6047 836
x0307 1128 5837 910
x0308 1209 5912 1007
x0309 1117 5357 907
x0310 1233 6114 909
x0311 1089 5643 894
x0312 1189 6137 930
x0313 1252 6218 1045
x0314 1225 6517 904
x0315 1283 6813 949
x0316 1295 6185 1035
x0317 1244 6104 908
x0318 1310 6100 975
x0319 1198 5802 875
x0320 1211 5974 943
x0321 1186 5901 914
x0322 1228 6589 961
x0323 1085 5569 849
x0324 1132 6365 888
x0325 1241 6007 1008
x0326 1429 6907 1117
x0327 1189 6139 928
x0328 1163 6298 924
x0329 1302 7030 984
x0330 1310 6793 1077
x0331 1271 6261 983
x0332 1284 6409 953
x0333 1177 6218 861
x0334 1222 6362 1062
x0335 1386 6962 1105
x0336 991 5683 707
x0337 1159 5929 913
x0338 1042 5642 942
x0339 1138 5877 860
x0340 1354 6742 1084
x0341 1197 6421 897
x0342 1120 6144 864
x0343 950 4578 688
x0344 946 4856 753
x0345 1162 6312 911
x0346 1139 5888 848
x0347 1158 6373 854
x0348 1159 6355 871
x0349 1310 7455 1105
x0350 1279 7115 1059
x0351 1270 6772 1003
x0352 1299 7001 1016
x0353 1285 7174 994
x0354 1110 6193 825
x0355 1154 6176 926
x0356 1261 6745 905
x0357 1139 6691 816
x0358 983 5590 808
x0359 1005 5762 736
x0360 968 6289 744
x0361 1102 5241 797
x0362 1023 6069 783
x0363 1213 5921 867
x0364 1127 5477 777
x0365 1198 6029 901
x0366 1132 5620 751
x0367 1307 6610 994
x0368 981 5136 669
x0369 1007 5319 695
x0370 1011 5686 684
x0371 1377 7025 1051
x0372 1268 6581 929
x0373 1218 6201 966
x0374 1343 6767 935
x0375 1261 6913 1006
x0376 1372 7046 1035
x0377 1386 7489 995
x0378 1386 7417 1067
x0379 1369 7259 963
x0380 1226 6261 898
x0381 1257 6754 900
x0382 1355 6687 1003
x0383 1176 6528 942
x0384 1330 6861 989
x0385 1348 7801 1004
x0386 1288 7208 957
x0387 1411 7763 979
x0388 1297 7324 970
x0389 1271 7444 1015
x0390 1322 7916 1058
x0391 1466 8389 1171
x0392 1516 8682 1127
x0393 1433 8478 1115
x0394 1529 8755 1192
x0395 1498 8509 1168
x0396 1362 7903 1031
x0397 1462 8207 1209
x0398 1478 7929 1178
x0399 1414 8037 1134
x0400 1494 8540 1141
x0401 1435 8309 1134
x0402 1428 7861 1151
x0403 1465 8422 1139
x0404 1229 6591 958
x0405 1372 7742 1039
x0406 1488 8238 1152
x0407 1347 7413 1110
x0408 1565 8388 1222
x0409 1545 8583 1197
x0410 1511 8070 1150
x0411 1348 7344 1038
x0412 1456 7706 1134
x0413 1364 7719 1070
x0414 1356 7199 1036
x0415 1263 6729 919
x0416 1428 7866 1146
x0417 1368 7521 1122
x0418 1462 8105 1164
x0419 1348 7719 1086
x0420 1345 7801 1007
x0421 1377 7620 1014
x0422 1481 8268 1129
x0423 1397 7855 1044
x0424 1338 7376 1016
x0425 1448 7748 1100
x0426 1504 8214 1160
x0427 1427 7910 1103
x0428 1489 8309 1228
x0429 1358 7291 1081
x0430 1370 6820 1126
x0431 1379 7552 1080
x0432 1400 7487 1124
x0433 1457 8129 1145
x0434 1349 7831 1116
x0435 1518 8036 1177
x0436 1473 7831 1136
x0437 1409 7203 1118
x0438 1198 6768 945
x0439 1199 6406 910
x0440 1342 7248 1001
x0441 1331 7526 1013
x0442 1267 7238 948
x0443 1288 7579 1003
x0444 1354 7410 966
x0445 1188 6815 908
x0446 1271 7162 1020
x0447 1329 7230 1032
x0448 1453 7967 1165
x0449 1427 7649 1077
x0450 1343 7304 1083
x0451 1420 7671 1062
x0452 1525 8154 1199
x0453 1487 8606 1082
x0454 1380 8026 1034
x0455 1575 8295 1156
x0456 1545 7931 1109
x0457 1421 8236 1074
x0458 1491 9110 1180
x0459 1561 8687 1228
x0460 1549 8845 1234
x0461 1554 9065 1162
x0462 1542 9075 1164
x0463 1786 10046 1371
x0464 1734 9355 1314
x0465 1501 8547 1127
x0466 1468 9644 1134
x0467 1388 8441 1049
x0468 1534 9235 1166
x0469 1738 10328 1300
x0470 1651 9774 1295
x0471 1771 10733 1357
x0472 1716 9642 1362
x0473 1830 10282 1418
x0474 1873 10706 1449
x0475 1825 10270 1435
x0476 1658 9287 1301
x0477 1749 9759 1372
x0478 1847 10696 1485
x0479 1865 11117 1553
x0480 1804 10615 1442
x0481 1690 9199 1357
x0482 1738 9873 1430
x0483 1960 11671 1594
x0484 1807 10902 1487
x0485 1886 11151 1498
x0486 1826 11202 1507
x0487 1955 11275 1476
x0488 1894 11055 1416
x0489 1850 11062 1453
x0490 1845 11565 1468
x0491 1701 10780 1380
x0492 1716 10588 1391
x0493 1745 11029 1422
x0494 1712 10738 1411
x0495 1809 11058 1498
x0496 1816 11069 1480
x0497 1719 10868 1441
x0498 1609 10132 1300
x0499 1672 10269 1425
x0500 1767 10663 1431
x0501 1609 10107 1325
x0502 1565 9875 1280
x0503 1811 11085 1469
x0504 1684 10449 1397
x0505 1737 10854 1437
x0506 1687 10649 1359
x0507 1798 10939 1459
x0508 1793 10932 1471
x0509 1737 10673 1451
x0510 1730 10667 1464
x0511 1752 10529 1414
x0512 1743 10866 1419
x0513 1788 10891 1517
x0514 1715 10679 1467
x0515 1853 11183 1499
x0516 1634 10006 1240
x0517 1671 10209 1323
x0518 1761 11001 1434
x0519 1741 10501 1453
x0520 1821 11104 1440
x0521 1812 11061 1492
x0522 1738 11032 1426
x0523 1637 10580 1313
x0524 1468 9431 1191
x0525 1529 9939 1252
x0526 1602 10657 1271
x0527 1711 10210 1445
x0528 1495 9884 1182
x0529 1635 10561 1334
x0530 1771 10980 1445
x0531 1679 10294 1393
x0532 1701 10425 1404
x0533 1778 11009 1409
x0534 1950 12018 1608
x0535 1780 10846 1402
x0536 1868 11239 1428
x0537 1691 10496 1343
x0538 1881 11366 1459
x0539 1734 10754 1373
x0540 1841 11373 1492
x0541 1902 11402 1574
x0542 1839 11544 1495
x0543 1879 11317 1510
x0544 1988 12319 1624
x0545 1993 12408 1709
x0546 2179 13233 1793
x0547 2038 11921 1617
x0548 2025 12442 1643
x0549 2152 12938 1746
x0550 1879 11589 1583
x0551 2019 12346 1745
x0552 2118 13133 1769
x0553 2056 12269 1606
x0554 1943 11714 1568
x0555 1969 11993 1614
x0556 1975 11612 1638
x0557 1793 11675 1410
x0558 1789 11432 1485
x0559 1661 11190 1345
x0560 1881 12151 1544
x0561 1709 11502 1324
x0562 1893 12518 1520
x0563 1817 12258 1501
x0564 1893 12468 1570
x0565 2114 13219 1687
x0566 1880 11996 1524
x0567 1980 12324 1627
x0568 2029 12951 1673
x0569 2037 12466 1607
x0570 1888 11904 1433
x0571 1914 12183 1479
x0572 1958 12772 1560
x0573 1832 11956 1437
x0574 1912 12002 1486
x0575 1851 11900 1474
x0576 1799 11309 1427
x0577 1931 11740 1554
x0578 1846 10611 1404
x0579 1936 11908 1556
x0580 1965 11993 1618
x0581 2127 13180 1713
x0582 1961 12235 1557
x0583 2092 12982 1762
x0584 2154 13462 1775
x0585 2092 12830 1731
x0586 2005 12552 1733
x0587 2134 13461 1796
x0588 2194 13337 1860
x0589 2092 12967 1777
x0590 2139 13118 1763
x0591 2045 12378 1687
x0592 2135 13481 1775
x0593 2186 13716 1864
x0594 2230 13518 1830
x0595 2092 13344 1769
x0596 2140 13269 1796
x0597 2141 13260 1804
x0598 2164 13249 1792
x0599 2129 13142 1749
x0600 2021 12740 1710
x0601 2176 13113 1731
x0602 2204 13107 1894
x0603 2075 13137 1808
x0604 2205 13174 1826
x0605 2213 13500 1865
x0606 2022 12923 1708
x0607 2223 13141 1841
x0608 2162 13196 1847
x0609 2142 13184 1879
x0610 2110 12631 1730
x0611 2062 12612 1797
x0612 2264 13590 1912
x0613 2051 12458 1781
x0614 2109 12831 1713
x0615 2167 13557 1854
x0616 2228 13464 1886
x0617 2142 12922 1772
x0618 2160 12936 1740
x0619 2197 13553 1828
x0620 2156 13537 1885
x0621 2173 13420 1798
x0622 2235 13671 1860
x0623 2215 13719 1832
x0624 2219 13692 1855
x0625 2237 13972 1936
x0626 2010 12378 1722
x0627 2195 13441 1755
x0628 2250 13444 1884
x0629 2138 13057 1825
x0630 2000 12657 1633
x0631 2200 13365 1826
x0632 2120 13112 1788
x0633 2040 11940 1596
x0634 1956 11771 1673
x0635 2064 12651 1756
x0636 1968 11924 1684
x0637 1898 11863 1639
x0638 1985 11890 1701
x0639 2095 12851 1707
x0640 2065 12475 1750
x0641 2047 12831 1775
x0642 1975 12077 1701
x0643 1893 12022 1661
x0644 1956 11912 1708
x0645 2178 13152 1875
x0646 2029 12853 1771
x0647 1938 12096 1719
x0648 1949 12577 1764
x0649 2039 13055 1742
x0650 2134 13251 1820
x0651 2005 12054 1694
x0652 2133 12867 1836
x0653 2080 12992 1764
x0654 2185 13165 1855
x0655 1981 12243 1707
x0656 1972 12251 1708
x0657 2085 12815 1753
x0658 2211 13159 1835
x0659 2110 13157 1753
x0660 2163 13030 1827
x0661 2193 13340 1858
x0662 2202 13289 1900
x0663 2138 13199 1868
x0664 2155 12830 1851
x0665 2292 13766 1897
x0666 2139 13369 1883
x0667 2108 13109 1803
x0668 2178 13311 1902
x0669 2224 13631 1911
x0670 2014 12381 1715
x0671 2078 12678 1715
x0672 2001 12278 1652
x0673 2119 12596 1756
x0674 2172 13271 1762
x0675 2146 13290 1769
x0676 2151 12737 1765
x0677 2132 12744 1777
x0678 2164 12832 1840
x0679 2243 13438 1897
x0680 2128 13299 1778
x0681 2255 13471 1852
x0682 2058 12482 1750
x0683 2255 13639 1872
x0684 2294 13801 1860
x0685 2189 13544 1845
x0686 2074 12447 1769
x0687 2031 12523 1736
x0688 2155 13355 1881
x0689 2138 13223 1844
x0690 2118 13135 1767
x0691 2097 12436 1757
x0692 2124 13079 1817
x0693 2047 12641 1783
x0694 2001 11943 1632
x0695 2197 13152 1856
x0696 2071 12677 1723
x0697 2128 13057 1835
x0698 2278 13381 1919
x0699 2093 12775 1785
x0700 2244 13443 1891
x0701 2171 13017 1832
x0702 1916 11628 1681
x0703 2240 13655 1871
x0704 1963 11885 1728
x0705 2051 12621 1799
x0706 2131 13071 1818
x0707 2164 12852 1820
x0708 2054 12702 1715
x0709 2042 12691 1738
x0710 2097 12547 1827
x0711 2035 12593 1843
x0712 2096 12899 1841
x0713 2053 12851 1749
x0714 2102 12543 1826
x0715 2179 13173 1853
x0716 2112 12910 1814
x0717 2131 12738 1784
x0718 2045 13033 1758
x0719 2175 13181 1849
x0720 2135 12713 1805
x0721 2073 12937 1826
x0722 2171 13042 1807
x0723 2159 13379 1853
x0724 2231 13643 1892
x0725 2154 13253 1798
x0726 2164 13197 1844
x0727 2029 12273 1808
x0728 2152 13403 1836
x0729 1999 12372 1739
x0730 1914 11744 1567
x0731 2059 12808 1786
x0732 2109 12930 1797
x0733 2097 12894 1845
x0734 1996 12185 1750
x0735 1972 12169 1790
x0736 1951 12408 1751
x0737 1975 12051 1727
x0738 2110 13093 1817
x0739 1918 11887 1595
x0740 2141 13201 1863
x0741 1844 12081 1651
x0742 2109 12921 1806
x0743 2095 12815 1743
x0744 2090 12923 1823
x0745 2038 12310 1762
x0746 2083 12545 1843
x0747 2040 12280 1790
x0748 2166 13152 1887
x0749 2136 13059 1825
x0750 1967 12204 1760
x0751 1925 11996 1655
x0752 1989 12376 1745
x0753 2035 12334 1741
x0754 1959 12470 1681
x0755 2006 12383 1721
x0756 1984 11800 1792
x0757 2051 12440 1799
x0758 2132 13361 1898
x0759 1973 11861 1742
x0760 1890 11637 1698
x0761 2093 12760 1800
x0762 2090 12366 1834
x0763 2096 12643 1732
x0764 2240 13637 1889
x0765 2074 12723 1856
x0766 2075 12784 1794
x0767 2235 13290 1866
x0768 1865 11215 1626
x0769 2123 12745 1785
x0770 2042 12535 1713
x0771 2081 12776 1796
x0772 2020 12394 1696
x0773 2047 12617 1807
x0774 2158 13064 1798
x0775 2216 13647 1903
x0776 2161 13016 1843
x0777 2099 12920 1817
x0778 2119 12918 1799
x0779 2117 12394 1779
x0780 2078 12843 1732
x0781 2203 13350 1838
x0782 2101 12403 1786
x0783 2177 13177 1851
x0784 2170 13154 1881
x0785 2129 12904 1803
x0786 2162 13030 1828
x0787 2184 13059 1777
x0788 2145 12727 1781
x0789 2127 12682 1844
x0790 2042 12862 1749
x0791 2142 13236 1827
x0792 2069 12601 1801
x0793 2154 13076 1790
x0794 2117 12906 1813
x0795 2183 13344 1864
x0796 2246 13251 1894
x0797 2221 13324 1846
x0798 2177 13343 1871
x0799 2109 12562 1800
x0800 2125 12687 1841
x0801 2258 13237 1896
x0802 2085 12776 1792
x0803 2059 12470 1761
x0804 2056 12679 1736
x0805 2195 13149 1861
x0806 2068 12633 1770
x0807 2170 13166 1869
x0808 2122 13084 1814
x0809 2086 13165 1769
x0810 2106 12805 1742
x0811 2180 13016 1824
x0812 2084 12234 1792
x0813 1990 12439 1681
x0814 2158 13229 1818
x0815 1995 12161 1775
x0816 2010 12192 1729
x0817 2194 13367 1830
x0818 2033 12527 1730
x0819 2117 13137 1766
x0820 2134 12966 1736
x0821 2116 12737 1800
x0822 2073 12239 1798
x0823 2011 12007 1735
x0824 2084 12653 1734
x0825 2251 13269 1871
x0826 2178 12993 1849
x0827 1972 11772 1656
x0828 2065 12338 1707
x0829 2051 11941 1761
x0830 2085 12446 1759
x0831 1997 12019 1737
x0832 2132 12226 1752
x0833 2122 12582 1767
x0834 2065 12293 1752
x0835 2070 12487 1733
x0836 1864 10787 1545
x0837 1986 11448 1617
x0838 2147 12353 1790
x0839 2115 12270 1725
x0840 1915 11369 1594
x0841 1994 11650 1581
x0842 2142 12402 1746
x0843 2052 12549 1689
x0844 1782 10622 1457
x0845 1893 11399 1586
x0846 2043 11514 1668
x0847 1942 11024 1569
x0848 1927 10989 1619
x0849 1755 10655 1451
x0850 1912 11034 1589
x0851 1850 10670 1508
x0852 1872 10310 1513
x0853 1886 10578 1564
x0854 1926 10747 1523
x0855 2010 10944 1581
x0856 1870 10555 1436
x0857 2121 11770 1685
x0858 1847 10405 1443
x0859 1939 10528 1561
x0860 1886 10645 1497
x0861 2027 10958 1550
x0862 1882 10594 1552
x0863 1885 10822 1489
x0864 1883 10679 1466
x0865 1880 10903 1582
x0866 1754 10065 1384
x0867 1821 10391 1483
x0868 1728 10063 1250
x0869 1716 9926 1238
x0870 1441 8396 1041
x0871 1785 10137 1281
x0872 1724 9724 1272
x0873 1642 9338 1266
x0874 1694 9477 1232
x0875 1673 9364 1209
x0876 1657 9525 1221
x0877 1670 9208 1212
x0878 1645 9045 1245
x0879 1698 9268 1280
x0880 1703 9534 1324
x0881 1644 9245 1201
x0882 1564 8606 1155
x0883 1624 8781 1223
x0884 1766 9394 1243
x0885 1541 8820 1115
x0886 1535 8994 1099
x0887 1594 8889 1145
x0888 1610 8987 1184
x0889 1500 8700 1125
x0890 1534 8217 1127
x0891 1648 9227 1215
x0892 1452 8108 1171
x0893 1534 8461 1180
x0894 1618 8984 1179
x0895 1544 8482 1149
x0896 1689 9346 1211
x0897 1663 9530 1210
x0898 1447 8531 1048
x0899 1687 8880 1214
x0900 1692 9207 1191
x0901 1730 8979 1226
x0902 1636 8995 1150
x0903 1737 8991 1207
x0904 1674 8895 1212
x0905 1662 9324 1260
x0906 1635 9067 1233
x0907 1570 9028 1183
x0908 1580 8848 1200
x0909 1640 9271 1179
x0910 1649 9353 1244
x0911 1616 8929 1236
x0912 1628 8725 1123
x0913 1595 8536 1194
x0914 1634 8663 1179
x0915 1640 9124 1171
x0916 1569 8373 1084
x0917 1583 8644 1098
x0918 1706 8887 1188
x0919 1470 8336 1072
x0920 1531 8546 1098
x0921 1566 8378 1082
x0922 1563 8612 1150
x0923 1517 8406 1103
x0924 1586 8394 1195
x0925 1685 9288 1273
x0926 1583 8443 1149
x0927 1565 8397 1213
x0928 1470 7975 1140
x0929 1500 8157 1221
x0930 1594 8805 1229
x0931 1547 8711 1218
x0932 1527 8477 1171
x0933 1525 8242 1111
x0934 1613 8944 1224
x0935 1553 8630 1142
x0936 1594 9176 1165
x0937 1537 8581 1207
x0938 1597 8986 1198
x0939 1572 8977 1232
x0940 1549 8606 1170
x0941 1550 8747 1179
x0942 1465 8398 1163
x0943 1448 7784 1064
x0944 1428 7481 1102
x0945 1504 8535 1136
x0946 1478 8783 1064
x0947 1409 8165 1011
x0948 1725 9560 1276
x0949 1526 9112 1143
x0950 1584 8448 1143
x0951 1668 9076 1191
x0952 1453 8660 1062
x0953 1485 8660 1180
x0954 1723 9512 1326
x0955 1593 9155 1187
x0956 1537 8960 1131
x0957 1528 8812 1136
x0958 1543 8453 1179
x0959 1422 8113 1050
x0960 1294 7618 958
x0961 1338 7920 1038
x0962 1270 7451 1009
x0963 1444 8483 1099
x0964 1331 7277 983
x0965 1413 7697 1043
x0966 1307 7315 969
x0967 1458 8375 1045
x0968 1501 8587 1087
x0969 1460 7901 1079
x0970 1350 8072 1018
x0971 1372 7968 1100
x0972 1341 7470 1059
x0973 1408 8087 1090
x0974 1456 8164 1111
x0975 1462 8176 1093
x0976 1419 7940 1081
x0977 1408 7938 1094
x0978 1398 7943 1099
x0979 1310 7484 1076
x0980 1311 7629 1071
x0981 1262 7555 1053
x0982 1344 7222 1025
x0983 1383 8012 1045
x0984 1261 7555 1054
x0985 1273 7052 991
x0986 1395 7265 931
x0987 1302 7717 992
x0988 1351 8257 1123
x0989 1384 7515 1112
x0990 1258 7771 982
x0991 1255 7421 1054
x0992 1238 7661 971
x0993 1155 7457 979
x0994 1065 6958 888
x0995 1025 6400 831
x0996 1323 7805 1025
x0997 1329 7746 1078
x0998 1159 6932 954
x0999 1220 7402 969
x1000 1145 7008 892
