x0000 13 40 2
x0001 39 113 1
x0002 43 164 3
x0003 36 150 4
x0004 34 135 2
x0005 33 118 2
x0006 25 109 2
x0007 18 86 1
x0008 23 66 2
x0009 19 116 1
x0010 26 123 4
x0011 48 139 3
x0012 47 137 6
x0013 39 112 2
x0014 38 113 2
x0015 40 130 1
x0016 24 80 1
x0017 31 103 2
x0018 34 152 4
x0019 36 126 9
x0020 33 131 7
x0021 41 123 7
x0022 47 118 6
x0023 45 117 9
x0024 39 109 5
x0025 33 113 7
x0026 54 126 10
x0027 36 108 9
x0028 45 117 9
x0029 26 105 5
x0030 36 108 9
x0031 28 85 7
x0032 38 123 10
x0033 30 113 10
x0034 36 108 9
x0035 47 131 12
x0036 56 141 13
x0037 45 117 9
x0038 50 133 7
x0039 24 92 4
x0040 32 116 5
x0041 24 92 4
x0042 16 83 6
x0043 17 95 8
x0044 28 99 9
x0045 22 92 6
x0046 16 83 6
x0047 36 108 9
x0048 29 99 8
x0049 36 108 9
x0050 33 113 7
x0051 39 109 5
x0052 41 142 7
x0053 39 109 5
x0054 46 155 9
x0055 39 93 4
x0056 25 105 6
x0057 45 136 9
x0058 45 136 9
x0059 33 131 7
x0060 31 101 4
x0061 24 107 5
x0062 39 109 5
x0063 37 109 7
x0064 36 108 9
x0065 45 99 9
x0066 36 126 9
x0067 28 100 8
x0068 36 108 9
x0069 37 144 9
x0070 29 117 7
x0071 29 100 7
x0072 36 108 9
x0073 37 125 9
x0074 36 108 9
x0075 36 108 9
x0076 29 100 7
x0077 29 100 7
x0078 33 115 5
x0079 18 83 4
x0080 31 101 4
x0081 18 97 5
x0082 31 111 11
x0083 31 100 5
x0084 36 108 9
x0085 29 117 7
x0086 36 108 9
x0087 45 136 9
x0088 39 161 10
x0089 45 136 9
x0090 47 131 12
x0091 29 117 7
x0092 31 117 5
x0093 26 120 7
x0094 30 111 12
x0095 30 113 10
x0096 33 113 7
x0097 45 117 9
x0098 33 115 5
x0099 44 138 8
x0100 33 131 7
x0101 51 167 13
x0102 41 138 11
x0103 41 138 11
x0104 51 146 13
x0105 41 119 11
x0106 39 105 9
x0107 47 131 12
x0108 47 131 12
x0109 38 105 10
x0110 47 131 12
x0111 47 131 12
x0112 51 146 13
x0113 51 167 13
x0114 47 151 12
x0115 47 151 12
x0116 47 151 12
x0117 47 151 12
x0118 47 151 12
x0119 47 151 12
x0120 47 151 12
x0121 42 158 10
x0122 35 149 6
x0123 51 167 13
x0124 47 151 12
x0125 47 151 12
x0126 56 141 13
x0127 46 151 13
x0128 37 142 11
x0129 56 141 13
x0130 33 131 7
x0131 23 105 8
x0132 46 133 11
x0133 46 133 11
x0134 36 106 11
x0135 39 125 7
x0136 46 131 13
x0137 38 140 12
x0138 46 151 13
x0139 37 142 11
x0140 47 131 12
x0141 56 162 13
x0142 56 162 13
x0143 33 113 7
x0144 46 151 13
x0145 36 127 8
x0146 44 136 10
x0147 37 142 11
x0148 30 113 10
x0149 46 131 13
x0150 46 131 13
x0151 46 131 13
x0152 36 127 8
x0153 46 131 13
x0154 37 108 8
x0155 37 123 11
x0156 44 117 10
x0157 46 151 13
x0158 31 133 7
x0159 36 127 8
x0160 30 118 5
x0161 35 111 7
x0162 46 151 13
x0163 36 127 8
x0164 36 127 8
x0165 44 136 10
x0166 55 147 8
x0167 36 127 8
x0168 46 151 13
x0169 36 127 8
x0170 36 127 8
x0171 28 118 7
x0172 46 153 11
x0173 44 136 10
x0174 36 127 8
x0175 45 155 10
x0176 44 136 10
x0177 37 142 11
x0178 30 131 10
x0179 28 99 9
x0180 45 113 13
x0181 37 142 11
x0182 37 123 11
x0183 37 142 11
x0184 46 133 11
x0185 37 142 11
x0186 40 155 15
x0187 40 155 15
x0188 40 155 15
x0189 37 142 11
x0190 30 131 10
x0191 38 144 8
x0192 33 143 14
x0193 33 143 14
x0194 33 143 14
x0195 46 153 11
x0196 37 142 11
x0197 40 155 15
x0198 30 131 10
x0199 30 149 11
x0200 33 124 14
x0201 40 155 15
x0202 30 131 10
x0203 37 123 11
x0204 26 134 11
x0205 30 131 10
x0206 40 155 15
x0207 37 142 11
x0208 37 142 11
x0209 29 115 9
x0210 30 131 10
x0211 30 131 10
x0212 38 142 10
x0213 23 122 8
x0214 37 142 11
x0215 30 131 10
x0216 23 120 10
x0217 37 142 11
x0218 30 131 10
x0219 30 131 10
x0220 30 113 10
x0221 30 131 10
x0222 38 142 10
x0223 30 131 10
x0224 23 122 8
x0225 30 131 10
x0226 30 131 10
x0227 30 131 10
x0228 32 146 12
x0229 37 142 11
x0230 30 131 10
x0231 33 143 14
x0232 38 140 12
x0233 37 124 10
x0234 30 131 10
x0235 38 142 10
x0236 30 131 10
x0237 37 142 11
x0238 46 151 13
x0239 30 131 10
x0240 30 131 10
x0241 30 131 10
x0242 30 131 10
x0243 46 151 13
x0244 46 151 13
x0245 38 140 12
x0246 37 142 11
x0247 56 164 11
x0248 30 131 10
x0249 46 151 13
x0250 46 151 13
x0251 38 140 12
x0252 49 164 18
x0253 38 140 12
x0254 46 151 13
x0255 37 140 13
x0256 46 151 13
x0257 46 151 13
x0258 46 151 13
x0259 37 142 11
x0260 46 151 13
x0261 46 151 13
x0262 37 142 11
x0263 46 151 13
x0264 38 140 12
x0265 49 164 18
x0266 38 140 12
x0267 46 151 13
x0268 46 151 13
x0269 38 121 12
x0270 46 151 13
x0271 37 142 11
x0272 47 171 13
x0273 46 151 13
x0274 46 151 13
x0275 46 151 13
x0276 46 131 13
x0277 30 129 12
x0278 46 131 13
x0279 37 123 11
x0280 37 123 11
x0281 46 131 13
x0282 46 131 13
x0283 38 121 12
x0284 46 151 13
x0285 37 123 11
x0286 38 121 12
x0287 45 113 13
x0288 30 113 10
x0289 46 131 13
x0290 30 131 10
x0291 38 140 12
x0292 30 131 10
x0293 37 142 11
x0294 37 123 11
x0295 56 141 13
x0296 23 120 10
x0297 30 131 10
x0298 38 103 12
x0299 38 121 12
x0300 37 123 11
x0301 37 142 11
x0302 46 153 11
x0303 30 96 10
x0304 30 96 10
x0305 30 133 8
x0306 23 120 10
x0307 56 143 11
x0308 37 123 11
x0309 55 147 8
x0310 38 123 10
x0311 46 133 11
x0312 31 130 10
x0313 30 131 10
x0314 24 103 9
x0315 30 131 10
x0316 38 140 12
x0317 38 140 12
x0318 38 140 12
x0319 38 121 12
x0320 46 131 13
x0321 38 140 12
x0322 38 140 12
x0323 46 151 13
x0324 38 140 12
x0325 47 151 12
x0326 38 140 12
x0327 38 140 12
x0328 46 151 13
x0329 46 151 13
x0330 46 131 13
x0331 46 131 13
x0332 38 121 12
x0333 46 131 13
x0334 38 121 12
x0335 46 131 13
x0336 46 131 13
x0337 38 121 12
x0338 37 104 12
x0339 40 123 8
x0340 46 131 13
x0341 46 131 13
x0342 47 149 14
x0343 40 123 8
x0344 33 96 7
x0345 47 171 13
x0346 33 131 7
x0347 34 147 9
x0348 46 131 13
x0349 38 121 12
x0350 23 107 6
x0351 30 111 12
x0352 23 107 6
x0353 33 113 7
x0354 33 113 7
x0355 33 113 7
x0356 46 131 13
x0357 18 97 5
x0358 40 123 8
x0359 31 133 7
x0360 40 123 8
x0361 31 115 7
x0362 33 113 7
x0363 34 149 7
x0364 39 106 8
x0365 37 145 8
x0366 36 128 7
x0367 33 113 7
x0368 40 123 8
x0369 33 96 7
x0370 23 91 6
x0371 30 111 12
x0372 40 142 8
x0373 18 97 5
x0374 38 103 12
x0375 23 91 6
x0376 18 82 5
x0377 46 151 13
x0378 29 133 9
x0379 40 142 8
x0380 25 105 6
x0381 31 133 7
x0382 23 124 6
x0383 23 124 6
x0384 23 107 6
x0385 31 115 7
x0386 37 123 11
x0387 56 141 13
x0388 37 123 11
x0389 46 151 13
x0390 46 133 11
x0391 37 105 11
x0392 38 123 10
x0393 37 123 11
x0394 37 105 11
x0395 30 113 10
x0396 30 113 10
x0397 37 123 11
x0398 37 123 11
x0399 37 123 11
x0400 36 106 11
x0401 37 142 11
x0402 37 107 9
x0403 37 105 11
x0404 37 123 11
x0405 37 142 11
x0406 37 105 11
x0407 29 115 9
x0408 23 107 6
x0409 18 97 5
x0410 17 83 5
x0411 41 123 7
x0412 40 123 8
x0413 43 139 8
x0414 40 123 8
x0415 31 115 7
x0416 33 113 7
x0417 33 113 7
x0418 38 121 12
x0419 43 139 8
x0420 40 123 8
x0421 19 112 5
x0422 23 124 6
x0423 37 123 11
x0424 40 123 8
x0425 32 114 7
x0426 29 115 9
x0427 40 123 8
x0428 26 122 5
x0429 40 123 8
x0430 33 131 7
x0431 13 73 5
x0432 30 96 10
x0433 37 142 11
x0434 33 110 10
x0435 31 99 6
x0436 50 149 11
x0437 25 106 5
x0438 23 105 8
x0439 37 91 8
x0440 25 103 8
x0441 34 129 8
x0442 30 113 10
x0443 30 113 10
x0444 29 115 9
x0445 25 103 8
x0446 33 110 10
x0447 31 113 9
x0448 25 103 8
x0449 38 126 7
x0450 42 158 10
x0451 37 108 8
x0452 30 99 7
x0453 25 120 8
x0454 40 139 11
x0455 33 147 10
x0456 33 128 10
x0457 33 147 10
x0458 30 131 10
x0459 31 131 9
x0460 39 121 11
x0461 31 113 9
x0462 30 113 10
x0463 31 113 9
x0464 40 122 9
x0465 40 139 11
x0466 32 111 10
x0467 40 120 11
x0468 23 90 7
x0469 25 120 8
x0470 29 115 9
x0471 24 101 11
x0472 25 120 8
x0473 40 139 11
x0474 25 103 8
x0475 40 139 11
x0476 31 131 9
x0477 25 120 8
x0478 40 139 11
x0479 50 170 11
x0480 31 131 9
x0481 30 113 10
x0482 41 157 12
x0483 31 150 9
x0484 29 98 9
x0485 29 133 9
x0486 37 123 11
x0487 29 115 9
x0488 37 123 11
x0489 38 106 9
x0490 29 115 9
x0491 29 98 9
x0492 29 115 9
x0493 37 123 11
x0494 21 90 9
x0495 37 123 11
x0496 29 115 9
x0497 37 123 11
x0498 37 123 11
x0499 29 115 9
x0500 37 123 11
x0501 29 98 9
x0502 29 98 9
x0503 37 123 11
x0504 29 115 9
x0505 37 123 11
x0506 22 105 9
x0507 38 160 12
x0508 37 123 11
x0509 37 91 8
x0510 29 115 9
x0511 36 92 8
x0512 29 115 9
x0513 37 123 11
x0514 29 98 9
x0515 37 123 11
x0516 37 123 11
x0517 30 113 10
x0518 37 123 11
x0519 37 108 8
x0520 23 105 8
x0521 29 98 9
x0522 37 105 11
x0523 22 90 8
x0524 29 101 6
x0525 30 99 7
x0526 29 101 6
x0527 37 142 11
x0528 29 98 9
x0529 30 150 10
x0530 30 131 10
x0531 38 142 10
x0532 29 115 9
x0533 23 107 6
x0534 24 122 7
x0535 49 133 8
x0536 29 118 6
x0537 32 131 8
x0538 40 123 8
x0539 40 105 8
x0540 18 98 4
x0541 24 105 7
x0542 25 105 6
x0543 24 91 5
x0544 12 75 4
x0545 19 111 6
x0546 29 86 5
x0547 19 95 6
x0548 19 95 6
x0549 13 102 5
x0550 23 91 6
x0551 19 111 6
x0552 16 114 6
x0553 19 95 6
x0554 23 107 6
x0555 18 97 5
x0556 18 97 5
x0557 12 89 4
x0558 19 83 3
x0559 23 107 6
x0560 23 91 6
x0561 19 111 6
x0562 12 75 4
x0563 23 107 6
x0564 16 84 5
x0565 18 97 5
x0566 17 97 6
x0567 16 84 5
x0568 15 58 5
x0569 12 61 5
x0570 17 97 6
x0571 11 63 4
x0572 16 69 6
x0573 17 113 6
x0574 12 89 4
x0575 12 75 4
x0576 13 102 5
x0577 13 76 2
x0578 15 71 5
x0579 11 51 4
x0580 12 75 4
x0581 12 75 4
x0582 19 99 2
x0583 12 89 4
x0584 19 112 5
x0585 24 123 6
x0586 13 103 4
x0587 17 131 5
x0588 17 114 5
x0589 16 87 2
x0590 16 99 5
x0591 11 76 4
x0592 15 61 2
x0593 12 89 4
x0594 13 119 4
x0595 13 119 4
x0596 19 129 5
x0597 17 131 5
x0598 15 117 4
x0599 12 89 4
x0600 19 147 5
x0601 12 89 4
x0602 17 131 5
x0603 19 132 2
x0604 16 99 5
x0605 16 115 5
x0606 17 131 5
x0607 16 115 5
x0608 15 117 4
x0609 17 114 5
x0610 13 103 4
x0611 17 114 5
x0612 17 131 5
x0613 16 99 5
x0614 17 114 5
x0615 12 119 5
x0616 16 99 5
x0617 16 87 2
x0618 12 78 1
x0619 17 114 5
x0620 16 99 5
x0621 16 99 5
x0622 12 89 4
x0623 11 63 4
x0624 16 115 5
x0625 15 85 5
x0626 7 67 4
x0627 11 66 1
x0628 18 112 6
x0629 15 85 5
x0630 18 116 2
x0631 11 90 4
x0632 16 102 2
x0633 18 116 2
x0634 16 84 5
x0635 18 130 5
x0636 12 104 4
x0637 16 99 5
x0638 16 99 5
x0639 17 114 5
x0640 17 113 6
x0641 12 89 4
x0642 14 117 5
x0643 14 101 5
x0644 16 99 5
x0645 13 103 4
x0646 18 100 2
x0647 15 72 4
x0648 11 90 4
x0649 11 90 4
x0650 16 115 5
x0651 15 120 1
x0652 12 78 1
x0653 17 113 6
x0654 16 87 2
x0655 15 72 4
x0656 15 85 5
x0657 15 85 5
x0658 21 79 5
x0659 16 99 5
x0660 15 85 5
x0661 30 104 2
x0662 22 81 2
x0663 17 99 4
x0664 21 82 2
x0665 17 117 2
x0666 22 96 2
x0667 22 96 2
x0668 22 81 2
x0669 16 102 2
x0670 25 140 6
x0671 15 85 5
x0672 22 109 5
x0673 21 144 6
x0674 22 96 2
x0675 25 126 2
x0676 24 142 5
x0677 18 114 4
x0678 18 129 6
x0679 17 113 6
x0680 16 87 2
x0681 19 115 2
x0682 18 112 6
x0683 18 116 2
x0684 18 129 6
x0685 11 54 1
x0686 24 106 6
x0687 15 100 5
x0688 23 107 6
x0689 25 126 2
x0690 17 97 6
x0691 25 159 6
x0692 9 110 1
x0693 23 128 2
x0694 22 126 5
x0695 17 84 4
x0696 22 126 5
x0697 16 73 2
x0698 24 110 2
x0699 24 141 6
x0700 15 61 2
x0701 22 81 2
x0702 21 55 2
x0703 16 84 5
x0704 16 84 5
x0705 15 85 5
x0706 16 115 5
x0707 17 131 5
x0708 18 147 6
x0709 15 85 5
x0710 16 99 5
x0711 16 99 5
x0712 12 104 4
x0713 13 91 1
x0714 22 109 5
x0715 16 99 5
x0716 15 85 5
x0717 21 68 2
x0718 15 85 5
x0719 15 71 5
x0720 21 79 5
x0721 17 87 1
x0722 17 99 4
x0723 17 87 1
x0724 17 86 2
x0725 16 99 5
x0726 17 113 6
x0727 21 79 5
x0728 15 85 5
x0729 22 93 5
x0730 22 93 5
x0731 22 81 2
x0732 22 81 2
x0733 15 71 5
x0734 15 74 2
x0735 15 71 5
x0736 16 99 5
x0737 15 85 5
x0738 15 88 2
x0739 15 100 5
x0740 17 97 6
x0741 16 99 5
x0742 16 115 5
x0743 18 100 2
x0744 18 112 6
x0745 19 146 6
x0746 16 99 5
x0747 16 99 5
x0748 15 100 5
x0749 16 99 5
x0750 15 100 5
x0751 31 120 2
x0752 23 111 2
x0753 30 101 5
x0754 29 102 5
x0755 19 85 1
x0756 24 123 6
x0757 24 94 2
x0758 17 82 6
x0759 30 100 6
x0760 30 84 6
x0761 17 59 2
x0762 15 58 5
x0763 23 76 6
x0764 21 65 5
x0765 21 65 5
x0766 17 68 6
x0767 13 60 5
x0768 23 76 6
x0769 21 65 5
x0770 15 58 5
x0771 21 55 2
x0772 11 63 4
x0773 22 65 4
x0774 21 65 5
x0775 21 65 5
x0776 13 60 5
x0777 31 116 6
x0778 21 65 5
x0779 16 58 4
x0780 30 100 6
x0781 21 79 5
x0782 21 65 5
x0783 21 65 5
x0784 15 58 5
x0785 22 65 4
x0786 15 58 5
x0787 21 65 5
x0788 17 68 6
x0789 15 58 5
x0790 21 55 2
x0791 24 106 6
x0792 19 81 5
x0793 21 65 5
x0794 21 79 5
x0795 23 76 6
x0796 15 58 5
x0797 14 47 5
x0798 15 71 5
x0799 20 53 5
x0800 20 53 5
x0801 15 49 2
x0802 15 71 5
x0803 15 58 5
x0804 11 51 4
x0805 21 65 5
x0806 15 58 5
x0807 15 58 5
x0808 10 34 1
x0809 15 49 2
x0810 21 68 2
x0811 15 61 2
x0812 14 39 2
x0813 15 49 2
x0814 15 49 2
x0815 24 79 2
x0816 24 79 2
x0817 15 61 2
x0818 28 61 2
x0819 13 77 1
x0820 22 67 2
x0821 15 61 2
x0822 40 78 2
x0823 25 65 1
x0824 23 76 6
x0825 25 65 1
x0826 14 39 2
x0827 31 72 2
x0828 14 50 2
x0829 21 55 2
x0830 30 73 2
x0831 23 66 2
x0832 20 44 2
x0833 20 44 2
x0834 21 55 2
x0835 38 65 2
x0836 35 54 2
x0837 14 50 2
x0838 35 54 2
x0839 23 54 1
x0840 11 54 1
x0841 14 39 2
x0842 22 55 1
x0843 27 49 2
x0844 14 50 2
x0845 29 60 2
x0846 14 39 2
x0847 15 49 2
x0848 15 49 2
x0849 15 61 2
x0850 23 66 2
x0851 21 68 2
x0852 15 74 2
x0853 18 72 1
x0854 21 68 2
x0855 15 61 2
x0856 17 59 2
x0857 18 85 2
x0858 38 96 2
x0859 23 80 2
x0860 15 49 2
x0861 22 55 1
x0862 15 49 2
x0863 15 49 2
x0864 28 61 2
x0865 21 55 2
x0866 17 72 2
x0867 23 66 2
x0868 15 49 2
x0869 36 95 5
x0870 21 68 2
x0871 22 96 2
x0872 15 88 2
x0873 15 88 2
x0874 11 79 1
x0875 15 88 2
x0876 11 66 1
x0877 23 128 2
x0878 30 121 2
x0879 30 104 2
x0880 30 104 2
x0881 15 88 2
x0882 22 96 2
x0883 22 96 2
x0884 30 88 2
x0885 23 111 2
x0886 15 88 2
x0887 22 96 2
x0888 22 96 2
x0889 30 104 2
x0890 15 74 2
x0891 15 88 2
x0892 22 96 2
x0893 39 112 2
x0894 22 96 2
x0895 15 74 2
x0896 15 88 2
x0897 15 74 2
x0898 22 96 2
x0899 15 74 2
x0900 23 111 2
x0901 16 102 2
x0902 36 98 2
x0903 15 74 2
x0904 15 88 2
x0905 23 111 2
x0906 31 120 2
x0907 16 102 2
x0908 15 74 2
x0909 18 101 1
x0910 22 96 2
x0911 22 96 2
x0912 16 88 1
x0913 36 98 2
x0914 11 54 1
x0915 12 78 1
x0916 24 110 2
x0917 18 100 2
x0918 22 96 2
x0919 23 110 3
x0920 22 96 2
x0921 31 120 2
x0922 15 74 2
x0923 16 115 5
x0924 17 100 3
x0925 20 113 3
x0926 18 113 5
x0927 15 85 5
x0928 15 85 5
x0929 18 98 4
x0930 21 82 2
x0931 16 85 4
x0932 22 96 2
x0933 11 76 4
x0934 28 103 5
x0935 22 109 5
x0936 15 85 5
x0937 17 87 1
x0938 21 82 2
x0939 21 82 2
x0940 30 118 5
x0941 15 59 4
x0942 16 99 5
x0943 21 80 4
x0944 15 72 4
x0945 15 72 4
x0946 15 72 4
x0947 16 99 5
x0948 15 74 2
x0949 15 85 5
x0950 15 71 5
x0951 36 98 2
x0952 16 87 2
x0953 21 94 5
x0954 29 105 2
x0955 28 90 2
x0956 40 145 5
x0957 31 120 2
x0958 15 88 2
x0959 22 109 5
x0960 15 74 2
x0961 17 99 4
x0962 15 88 2
x0963 11 79 1
x0964 16 102 2
x0965 15 88 2
x0966 15 102 3
x0967 15 88 2
x0968 17 116 3
x0969 23 111 2
x0970 22 96 2
x0971 22 94 4
x0972 15 74 2
x0973 15 102 3
x0974 16 87 2
x0975 15 61 2
x0976 21 82 2
x0977 15 72 4
x0978 28 103 5
x0979 15 88 2
x0980 16 71 4
x0981 11 76 4
x0982 32 85 3
x0983 15 85 5
x0984 15 85 5
x0985 15 73 3
x0986 15 87 3
x0987 13 88 4
x0988 30 117 6
x0989 7 79 5
x0990 39 79 2
x0991 24 78 3
x0992 12 89 4
x0993 28 75 2
x0994 22 93 5
x0995 12 89 4
x0996 23 94 3
x0997 15 73 3
x0998 28 75 2
x0999 16 84 5
x1000 15 74 2
