x0000 0 17 11
x0001 0 55 11
x0002 1 66 11
x0003 1 78 12
x0004 1 66 11
x0005 2 78 11
x0006 2 78 11
x0007 9 97 14
x0008 13 91 16
x0009 15 104 17
x0010 16 91 13
x0011 9 85 11
x0012 8 84 13
x0013 8 83 14
x0014 8 83 14
x0015 7 71 13
x0016 9 97 14
x0017 8 83 14
x0018 16 104 16
x0019 20 82 18
x0020 21 97 18
x0021 22 95 19
x0022 24 110 19
x0023 24 110 19
x0024 24 110 19
x0025 23 94 19
x0026 22 95 19
x0027 7 84 14
x0028 8 98 14
x0029 24 110 19
x0030 26 107 20
x0031 23 94 19
x0032 24 96 16
x0033 10 78 17
x0034 12 103 21
x0035 13 89 18
x0036 8 97 15
x0037 19 109 25
x0038 25 133 32
x0039 13 89 18
x0040 15 102 19
x0041 15 102 19
x0042 15 102 19
x0043 20 94 22
x0044 39 128 43
x0045 36 114 21
x0046 45 119 26
x0047 18 116 19
x0048 37 130 23
x0049 36 114 21
x0050 45 119 26
x0051 39 126 25
x0052 27 122 22
x0053 7 84 14
x0054 40 94 19
x0055 36 114 21
x0056 52 115 23
x0057 37 126 27
x0058 38 139 33
x0059 38 139 33
x0060 37 126 27
x0061 36 114 21
x0062 64 131 36
x0063 47 148 36
x0064 43 132 35
x0065 67 132 54
x0066 82 159 59
x0067 81 141 54
x0068 76 153 47
x0069 82 159 59
x0070 105 157 63
x0071 93 154 53
x0072 81 141 54
x0073 73 137 43
x0074 86 126 41
x0075 85 115 53
x0076 76 153 47
x0077 79 107 45
x0078 72 129 52
x0079 84 118 51
x0080 104 135 61
x0081 100 145 55
x0082 94 148 58
x0083 106 151 68
x0084 100 145 55
x0085 78 150 48
x0086 72 127 54
x0087 63 152 38
x0088 116 166 69
x0089 70 141 42
x0090 85 162 53
x0091 77 147 52
x0092 76 130 47
x0093 94 148 58
x0094 103 163 59
x0095 104 163 58
x0096 79 120 54
x0097 81 143 52
x0098 77 129 47
x0099 70 115 46
x0100 76 119 58
x0101 97 141 62
x0102 102 147 76
x0103 107 156 62
x0104 97 141 62
x0105 106 173 72
x0106 106 173 72
x0107 95 125 56
x0108 106 173 72
x0109 105 157 63
x0110 124 190 64
x0111 113 155 57
x0112 113 155 57
x0113 105 139 56
x0114 97 152 51
x0115 113 155 57
x0116 120 161 70
x0117 111 145 69
x0118 94 143 63
x0119 113 155 57
x0120 109 146 70
x0121 130 150 71
x0122 125 162 64
x0123 125 180 73
x0124 117 161 73
x0125 125 180 73
x0126 132 186 88
x0127 125 162 64
x0128 125 162 64
x0129 125 162 64
x0130 121 153 77
x0131 106 161 58
x0132 125 162 64
x0133 125 162 64
x0134 132 168 78
x0135 125 162 64
x0136 143 163 72
x0137 125 162 64
x0138 125 162 64
x0139 125 162 64
x0140 132 168 78
x0141 125 162 64
x0142 125 162 64
x0143 132 168 78
x0144 132 168 78
x0145 132 168 78
x0146 132 168 78
x0147 112 159 54
x0148 115 147 63
x0149 115 147 63
x0150 125 180 73
x0151 132 186 88
x0152 115 182 81
x0153 125 180 73
x0154 132 186 88
x0155 125 180 73
x0156 125 180 73
x0157 132 186 88
x0158 121 170 87
x0159 143 181 82
x0160 143 181 82
x0161 143 181 82
x0162 150 187 98
x0163 135 205 95
x0164 128 199 79
x0165 136 179 91
x0166 119 178 81
x0167 125 163 90
x0168 132 166 80
x0169 122 196 88
x0170 139 197 99
x0171 109 162 80
x0172 139 197 99
x0173 132 191 83
x0174 119 178 81
x0175 139 197 99
x0176 139 197 99
x0177 139 197 99
x0178 151 215 99
x0179 151 215 99
x0180 139 197 99
x0181 127 164 87
x0182 122 196 88
x0183 139 197 99
x0184 139 197 99
x0185 128 180 98
x0186 127 164 87
x0187 113 179 86
x0188 112 179 87
x0189 141 189 105
x0190 141 189 105
x0191 128 180 98
x0192 130 172 104
x0193 128 180 98
x0194 113 179 86
x0195 129 180 97
x0196 139 197 99
x0197 122 196 88
x0198 132 191 83
x0199 153 206 106
x0200 143 189 103
x0201 122 196 88
x0202 122 196 88
x0203 139 197 99
x0204 122 196 88
x0205 139 197 99
x0206 106 191 81
x0207 135 205 95
x0208 139 197 99
x0209 122 196 88
x0210 153 206 106
x0211 141 189 105
x0212 153 206 106
x0213 153 206 106
x0214 153 206 106
x0215 153 206 106
x0216 139 197 99
x0217 122 196 88
x0218 106 191 81
x0219 122 196 88
x0220 133 214 88
x0221 122 196 88
x0222 133 214 88
x0223 133 214 88
x0224 133 214 88
x0225 122 196 88
x0226 147 223 95
x0227 122 196 88
x0228 135 205 95
x0229 147 223 95
x0230 133 214 88
x0231 147 223 95
x0232 147 223 95
x0233 144 203 88
x0234 147 223 95
x0235 147 223 95
x0236 135 205 95
x0237 147 223 95
x0238 147 223 95
x0239 147 223 95
x0240 147 223 95
x0241 147 223 95
x0242 163 204 98
x0243 163 204 98
x0244 143 203 89
x0245 144 203 88
x0246 144 200 91
x0247 166 224 106
x0248 148 196 91
x0249 151 215 99
x0250 148 196 91
x0251 166 224 106
x0252 166 224 106
x0253 163 204 98
x0254 166 224 106
x0255 166 224 106
x0256 163 204 98
x0257 163 204 98
x0258 163 204 98
x0259 153 206 106
x0260 153 206 106
x0261 139 197 99
x0262 153 206 106
x0263 139 197 99
x0264 139 197 99
x0265 139 197 99
x0266 139 197 99
x0267 139 197 99
x0268 139 197 99
x0269 139 197 99
x0270 139 197 99
x0271 139 197 99
x0272 139 197 99
x0273 139 197 99
x0274 139 197 99
x0275 139 197 99
x0276 150 187 98
x0277 139 197 99
x0278 139 197 99
x0279 123 190 93
x0280 139 197 99
x0281 139 197 99
x0282 139 197 99
x0283 139 197 99
x0284 139 197 99
x0285 139 197 99
x0286 139 197 99
x0287 139 197 99
x0288 139 197 99
x0289 139 197 99
x0290 139 197 99
x0291 139 197 99
x0292 139 197 99
x0293 139 197 99
x0294 139 197 99
x0295 139 197 99
x0296 139 197 99
x0297 139 197 99
x0298 139 197 99
x0299 139 197 99
x0300 139 197 99
x0301 139 197 99
x0302 139 197 99
x0303 138 180 88
x0304 139 197 99
x0305 139 197 99
x0306 139 197 99
x0307 139 197 99
x0308 139 197 99
x0309 139 197 99
x0310 139 197 99
x0311 139 197 99
x0312 139 197 99
x0313 139 197 99
x0314 139 197 99
x0315 139 197 99
x0316 139 197 99
x0317 139 197 99
x0318 139 197 99
x0319 139 197 99
x0320 139 197 99
x0321 139 197 99
x0322 139 197 99
x0323 153 206 106
x0324 139 197 99
x0325 139 197 99
x0326 139 197 99
x0327 139 197 99
x0328 153 206 106
x0329 153 206 106
x0330 139 197 99
x0331 139 197 99
x0332 139 197 99
x0333 139 197 99
x0334 139 197 99
x0335 139 197 99
x0336 139 197 99
x0337 139 197 99
x0338 139 197 99
x0339 139 197 99
x0340 139 197 99
x0341 139 197 99
x0342 139 197 99
x0343 139 197 99
x0344 151 215 99
x0345 139 197 99
x0346 151 215 99
x0347 166 224 106
x0348 139 197 99
x0349 139 197 99
x0350 139 197 99
x0351 139 197 99
x0352 139 197 99
x0353 128 180 98
x0354 139 197 99
x0355 139 197 99
x0356 151 215 99
x0357 139 197 99
x0358 151 215 99
x0359 151 215 99
x0360 139 197 99
x0361 139 197 99
x0362 139 197 99
x0363 139 197 99
x0364 139 197 99
x0365 139 197 99
x0366 139 197 99
x0367 139 197 99
x0368 139 197 99
x0369 139 197 99
x0370 139 197 99
x0371 139 197 99
x0372 139 197 99
x0373 139 197 99
x0374 139 197 99
x0375 139 197 99
x0376 139 197 99
x0377 139 197 99
x0378 139 197 99
x0379 139 197 99
x0380 139 197 99
x0381 139 197 99
x0382 139 197 99
x0383 139 197 99
x0384 139 197 99
x0385 129 180 97
x0386 128 180 98
x0387 139 197 99
x0388 139 197 99
x0389 129 180 97
x0390 139 197 99
x0391 139 197 99
x0392 139 197 99
x0393 139 197 99
x0394 139 197 99
x0395 139 197 99
x0396 139 197 99
x0397 139 197 99
x0398 153 206 106
x0399 139 197 99
x0400 122 196 88
x0401 139 197 99
x0402 139 197 99
x0403 139 197 99
x0404 139 197 99
x0405 139 197 99
x0406 139 197 99
x0407 139 197 99
x0408 139 197 99
x0409 139 197 99
x0410 139 197 99
x0411 139 197 99
x0412 139 197 99
x0413 129 178 99
x0414 151 215 99
x0415 139 197 99
x0416 139 197 99
x0417 139 197 99
x0418 139 197 99
x0419 139 197 99
x0420 139 197 99
x0421 139 197 99
x0422 139 197 99
x0423 129 180 97
x0424 139 197 99
x0425 122 196 88
x0426 139 197 99
x0427 139 197 99
x0428 139 197 99
x0429 139 197 99
x0430 139 197 99
x0431 128 180 98
x0432 139 197 99
x0433 139 197 99
x0434 139 197 99
x0435 139 197 99
x0436 139 197 99
x0437 139 197 99
x0438 139 197 99
x0439 139 197 99
x0440 135 176 95
x0441 139 197 99
x0442 139 197 99
x0443 139 197 99
x0444 139 197 99
x0445 139 197 99
x0446 139 197 99
x0447 139 197 99
x0448 139 197 99
x0449 139 197 99
x0450 139 197 99
x0451 139 197 99
x0452 139 197 99
x0453 139 197 99
x0454 139 197 99
x0455 139 197 99
x0456 139 197 99
x0457 139 197 99
x0458 139 197 99
x0459 134 184 88
x0460 139 197 99
x0461 139 197 99
x0462 125 189 92
x0463 166 224 106
x0464 129 178 99
x0465 166 224 106
x0466 125 189 92
x0467 139 197 99
x0468 153 206 106
x0469 146 201 88
x0470 166 224 106
x0471 139 197 99
x0472 166 224 106
x0473 135 204 96
x0474 153 206 106
x0475 166 224 106
x0476 166 224 106
x0477 166 224 106
x0478 166 224 106
x0479 166 224 106
x0480 161 209 95
x0481 166 224 106
x0482 148 192 95
x0483 166 224 106
x0484 153 206 106
x0485 166 224 106
x0486 151 215 99
x0487 166 224 106
x0488 166 224 106
x0489 166 224 106
x0490 166 224 106
x0491 166 224 106
x0492 166 224 106
x0493 154 205 106
x0494 166 224 106
x0495 166 224 106
x0496 166 224 106
x0497 166 224 106
x0498 166 224 106
x0499 166 224 106
x0500 166 224 106
x0501 166 224 106
x0502 166 224 106
x0503 166 224 106
x0504 166 224 106
x0505 166 224 106
x0506 156 206 103
x0507 166 224 106
x0508 166 224 106
x0509 166 224 106
x0510 166 224 106
x0511 166 224 106
x0512 166 224 106
x0513 166 224 106
x0514 166 224 106
x0515 166 224 106
x0516 166 224 106
x0517 166 224 106
x0518 151 215 99
x0519 166 224 106
x0520 166 224 106
x0521 154 205 106
x0522 166 224 106
x0523 154 205 106
x0524 166 224 106
x0525 151 216 98
x0526 166 224 106
x0527 166 224 106
x0528 154 205 106
x0529 166 224 106
x0530 166 224 106
x0531 154 205 106
x0532 166 224 106
x0533 154 205 106
x0534 166 224 106
x0535 166 224 106
x0536 154 205 106
x0537 166 224 106
x0538 166 224 106
x0539 166 224 106
x0540 161 209 95
x0541 166 224 106
x0542 166 224 106
x0543 166 224 106
x0544 166 224 106
x0545 154 206 105
x0546 151 216 98
x0547 151 216 98
x0548 166 224 106
x0549 166 224 106
x0550 166 224 106
x0551 166 224 106
x0552 154 205 106
x0553 166 224 106
x0554 166 224 106
x0555 166 224 106
x0556 166 224 106
x0557 166 224 106
x0558 166 224 106
x0559 154 205 106
x0560 166 224 106
x0561 166 224 106
x0562 166 224 106
x0563 154 205 106
x0564 166 224 106
x0565 166 224 106
x0566 166 224 106
x0567 166 224 106
x0568 166 224 106
x0569 166 224 106
x0570 164 200 101
x0571 166 224 106
x0572 166 224 106
x0573 166 224 106
x0574 166 224 106
x0575 156 203 106
x0576 166 224 106
x0577 156 203 106
x0578 166 224 106
x0579 166 224 106
x0580 166 224 106
x0581 166 224 106
x0582 166 224 106
x0583 166 224 106
x0584 166 224 106
x0585 166 224 106
x0586 156 203 106
x0587 166 224 106
x0588 166 224 106
x0589 166 224 106
x0590 166 224 106
x0591 166 224 106
x0592 166 224 106
x0593 166 224 106
x0594 166 224 106
x0595 166 224 106
x0596 166 224 106
x0597 156 203 106
x0598 152 221 92
x0599 166 224 106
x0600 166 224 106
x0601 166 224 106
x0602 166 224 106
x0603 166 224 106
x0604 151 216 98
x0605 166 224 106
x0606 166 224 106
x0607 166 224 106
x0608 166 224 106
x0609 166 224 106
x0610 156 203 106
x0611 166 224 106
x0612 166 224 106
x0613 166 224 106
x0614 156 203 106
x0615 151 216 98
x0616 166 224 106
x0617 166 224 106
x0618 166 224 106
x0619 166 224 106
x0620 166 224 106
x0621 166 224 106
x0622 154 205 106
x0623 166 224 106
x0624 166 224 106
x0625 166 224 106
x0626 166 224 106
x0627 154 205 106
x0628 166 224 106
x0629 166 224 106
x0630 166 224 106
x0631 152 221 92
x0632 152 221 92
x0633 152 221 92
x0634 152 221 92
x0635 132 182 92
x0636 143 200 92
x0637 166 224 106
x0638 152 221 92
x0639 166 224 106
x0640 141 202 92
x0641 141 202 92
x0642 141 202 92
x0643 143 200 92
x0644 152 221 92
x0645 141 202 92
x0646 143 200 92
x0647 141 202 92
x0648 144 185 106
x0649 152 190 93
x0650 144 185 106
x0651 141 202 92
x0652 141 202 92
x0653 132 182 92
x0654 154 205 106
x0655 152 221 92
x0656 132 182 92
x0657 152 221 92
x0658 141 202 92
x0659 154 205 106
x0660 141 202 92
x0661 141 202 92
x0662 118 175 85
x0663 141 202 92
x0664 139 187 80
x0665 141 202 92
x0666 150 205 80
x0667 156 203 106
x0668 141 202 92
x0669 144 185 106
x0670 141 202 92
x0671 141 202 92
x0672 154 205 106
x0673 141 202 92
x0674 143 200 92
x0675 141 202 92
x0676 132 182 92
x0677 131 154 93
x0678 141 202 92
x0679 141 202 92
x0680 141 202 92
x0681 141 202 92
x0682 132 168 106
x0683 141 202 92
x0684 154 205 106
x0685 166 224 106
x0686 141 202 92
x0687 141 202 92
x0688 141 202 92
x0689 144 185 106
x0690 141 202 92
x0691 132 182 92
x0692 138 183 85
x0693 149 201 85
x0694 118 148 85
x0695 130 184 92
x0696 138 183 85
x0697 118 148 85
x0698 129 151 98
x0699 127 166 85
x0700 130 184 92
x0701 141 174 91
x0702 154 176 105
x0703 138 183 85
x0704 129 138 84
x0705 138 156 84
x0706 139 139 73
x0707 129 138 84
x0708 129 138 84
x0709 129 138 84
x0710 149 201 85
x0711 140 154 84
x0712 149 173 84
x0713 114 147 64
x0714 136 142 73
x0715 161 160 85
x0716 147 158 73
x0717 164 208 93
x0718 125 127 73
x0719 129 138 84
x0720 149 173 84
x0721 152 190 93
x0722 164 179 92
x0723 150 205 80
x0724 132 182 92
x0725 164 179 92
x0726 142 157 79
x0727 144 157 105
x0728 166 224 106
x0729 152 162 92
x0730 150 177 79
x0731 141 174 91
x0732 130 184 92
x0733 139 160 79
x0734 121 165 92
x0735 155 187 93
x0736 141 174 91
x0737 139 187 80
x0738 131 141 79
x0739 132 155 91
x0740 142 157 79
x0741 152 192 91
x0742 166 194 105
x0743 150 205 80
x0744 142 157 79
x0745 141 202 92
x0746 143 172 91
x0747 142 184 80
x0748 131 141 79
x0749 152 221 92
x0750 128 144 79
x0751 141 174 91
x0752 139 187 80
x0753 143 170 93
x0754 142 159 105
x0755 120 151 80
x0756 166 224 106
x0757 131 167 80
x0758 130 151 97
x0759 142 159 105
x0760 120 126 79
x0761 120 126 79
x0762 140 173 93
x0763 121 165 92
x0764 141 202 92
x0765 132 155 91
x0766 132 182 92
x0767 140 173 93
x0768 105 143 77
x0769 154 176 105
x0770 131 167 80
x0771 128 194 84
x0772 105 143 77
x0773 131 141 79
x0774 143 200 92
x0775 132 155 91
x0776 144 157 105
x0777 150 177 79
x0778 131 154 93
x0779 154 205 106
x0780 154 205 106
x0781 139 187 80
x0782 143 170 93
x0783 85 153 62
x0784 108 147 70
x0785 150 205 80
x0786 141 202 92
x0787 119 149 83
x0788 131 167 80
x0789 143 170 93
x0790 152 192 91
x0791 125 189 92
x0792 154 205 106
x0793 152 190 93
x0794 164 208 93
x0795 152 221 92
x0796 123 178 77
x0797 141 202 92
x0798 150 205 80
x0799 139 187 80
x0800 132 155 91
x0801 154 205 106
x0802 139 187 80
x0803 121 139 91
x0804 150 205 80
x0805 143 200 92
x0806 130 157 91
x0807 130 157 91
x0808 166 224 106
x0809 130 157 91
x0810 132 155 91
x0811 144 157 105
x0812 141 202 92
x0813 152 192 91
x0814 132 155 91
x0815 155 159 92
x0816 128 144 79
x0817 152 192 91
x0818 141 202 92
x0819 152 162 92
x0820 141 202 92
x0821 141 174 91
x0822 132 155 91
x0823 131 141 79
x0824 141 202 92
x0825 132 155 91
x0826 141 202 92
x0827 154 176 105
x0828 139 160 79
x0829 140 146 92
x0830 164 179 92
x0831 154 176 105
x0832 154 176 105
x0833 141 174 91
x0834 154 205 106
x0835 130 184 92
x0836 141 174 91
x0837 154 205 106
x0838 141 202 92
x0839 154 205 106
x0840 132 182 92
x0841 132 155 91
x0842 131 167 80
x0843 121 139 91
x0844 144 157 105
x0845 130 157 91
x0846 141 174 91
x0847 142 159 105
x0848 132 182 92
x0849 130 157 91
x0850 121 165 92
x0851 154 176 105
x0852 130 144 104
x0853 143 160 103
x0854 142 175 89
x0855 133 156 89
x0856 111 125 89
x0857 121 127 77
x0858 133 142 103
x0859 145 158 103
x0860 145 158 103
x0861 131 168 79
x0862 154 206 105
x0863 132 142 104
x0864 131 158 89
x0865 166 194 105
x0866 166 194 105
x0867 154 176 105
x0868 143 160 103
x0869 143 160 103
x0870 166 194 105
x0871 166 194 105
x0872 141 175 90
x0873 131 158 89
x0874 140 188 78
x0875 154 205 106
x0876 142 167 97
x0877 156 174 105
x0878 156 174 105
x0879 144 185 106
x0880 152 221 92
x0881 152 221 92
x0882 141 174 91
x0883 152 221 92
x0884 154 176 105
x0885 166 224 106
x0886 147 199 89
x0887 154 176 105
x0888 154 205 106
x0889 154 176 105
x0890 144 157 105
x0891 142 187 106
x0892 144 185 106
x0893 156 174 105
x0894 166 194 105
x0895 154 176 105
x0896 166 194 105
x0897 154 205 106
x0898 142 159 105
x0899 154 205 106
x0900 155 206 104
x0901 154 176 105
x0902 156 174 105
x0903 166 224 106
x0904 166 224 106
x0905 154 176 105
x0906 166 194 105
x0907 164 208 93
x0908 154 176 105
x0909 166 194 105
x0910 166 194 105
x0911 166 224 106
x0912 143 186 106
x0913 154 205 106
x0914 136 172 98
x0915 166 224 106
x0916 134 177 95
x0917 142 159 105
x0918 153 206 106
x0919 166 194 105
x0920 153 177 105
x0921 153 177 105
x0922 153 177 105
x0923 142 159 105
x0924 153 177 105
x0925 166 224 106
x0926 153 177 105
x0927 142 159 105
x0928 153 177 105
x0929 125 159 94
x0930 153 206 106
x0931 153 206 106
x0932 153 206 106
x0933 142 159 105
x0934 132 168 106
x0935 153 177 105
x0936 143 158 105
x0937 143 186 106
x0938 153 206 106
x0939 142 187 106
x0940 153 177 105
x0941 143 186 106
x0942 143 186 106
x0943 143 186 106
x0944 142 159 105
x0945 127 144 80
x0946 116 116 68
x0947 94 107 52
x0948 105 130 65
x0949 102 145 53
x0950 112 124 64
x0951 112 148 65
x0952 80 78 52
x0953 102 122 52
x0954 80 78 52
x0955 102 122 52
x0956 105 107 64
x0957 112 124 64
x0958 102 122 52
x0959 103 109 64
x0960 94 129 53
x0961 121 147 83
x0962 112 124 64
x0963 102 145 53
x0964 103 109 64
x0965 111 124 90
x0966 102 122 76
x0967 93 95 43
x0968 120 126 54
x0969 76 86 48
x0970 77 83 50
x0971 89 138 49
x0972 82 112 59
x0973 68 107 56
x0974 82 89 60
x0975 82 89 60
x0976 98 118 60
x0977 90 103 60
x0978 103 109 64
x0979 94 107 52
x0980 82 89 60
x0981 83 88 60
x0982 90 103 60
x0983 90 125 61
x0984 82 122 49
x0985 90 125 61
x0986 98 118 60
x0987 81 112 60
x0988 98 118 60
x0989 98 141 61
x0990 83 109 61
x0991 83 88 60
x0992 81 91 59
x0993 91 124 61
x0994 82 101 48
x0995 89 111 53
x0996 90 103 60
x0997 90 103 60
x0998 89 138 49
x0999 90 103 60
x1000 83 109 61
