x0000 8 65 5
x0001 35 143 12
x0002 30 170 10
x0003 30 183 18
x0004 39 209 28
x0005 40 193 20
x0006 43 223 34
x0007 39 183 31
x0008 26 137 27
x0009 40 183 30
x0010 44 224 32
x0011 38 218 20
x0012 50 267 34
x0013 42 248 35
x0014 44 270 37
x0015 44 270 37
x0016 38 203 35
x0017 51 260 40
x0018 44 270 37
x0019 60 302 44
x0020 67 357 41
x0021 57 283 38
x0022 50 239 36
x0023 50 239 36
x0024 53 288 37
x0025 57 251 43
x0026 50 239 36
x0027 58 283 37
x0028 53 261 37
x0029 56 311 39
x0030 53 261 37
x0031 62 334 39
x0032 49 240 36
x0033 45 270 36
x0034 58 283 37
x0035 53 261 37
x0036 50 239 36
x0037 53 261 37
x0038 56 304 46
x0039 48 242 35
x0040 54 280 44
x0041 54 230 41
x0042 41 223 36
x0043 50 234 41
x0044 46 244 35
x0045 39 202 35
x0046 38 179 36
x0047 44 244 37
x0048 47 242 36
x0049 63 230 32
x0050 72 269 37
x0051 80 317 38
x0052 73 242 36
x0053 90 332 43
x0054 78 258 42
x0055 100 347 49
x0056 90 332 43
x0057 77 293 36
x0058 69 275 34
x0059 70 245 36
x0060 77 265 36
x0061 73 242 36
x0062 73 269 36
x0063 72 242 37
x0064 73 242 36
x0065 71 218 36
x0066 80 288 38
x0067 92 274 40
x0068 102 287 46
x0069 82 229 40
x0070 111 370 47
x0071 108 311 46
x0072 96 269 41
x0073 104 315 46
x0074 85 227 39
x0075 99 323 43
x0076 64 274 40
x0077 85 254 39
x0078 88 279 39
x0079 101 352 43
x0080 99 355 42
x0081 70 295 41
x0082 88 245 45
x0083 98 321 46
x0084 91 271 44
x0085 125 404 66
x0086 90 303 42
x0087 98 322 45
x0088 88 246 44
x0089 96 259 51
x0090 78 257 43
x0091 117 389 55
x0092 104 375 49
x0093 91 328 46
x0094 98 318 49
x0095 91 297 47
x0096 73 267 38
x0097 79 258 41
x0098 81 254 43
x0099 79 258 41
x0100 58 280 40
x0101 51 265 35
x0102 80 288 38
x0103 95 328 42
x0104 101 315 49
x0105 93 300 42
x0106 74 268 36
x0107 95 328 42
x0108 67 248 36
x0109 71 244 36
x0110 71 244 36
x0111 88 308 39
x0112 95 328 42
x0113 96 358 42
x0114 95 354 47
x0115 101 352 43
x0116 116 431 48
x0117 109 374 45
x0118 109 408 44
x0119 105 349 42
x0120 101 352 43
x0121 97 296 42
x0122 112 369 47
x0123 108 411 42
x0124 102 352 42
x0125 99 232 47
x0126 120 356 52
x0127 115 366 47
x0128 95 296 44
x0129 82 313 40
x0130 104 341 51
x0131 102 341 53
x0132 102 375 51
x0133 95 325 45
x0134 85 254 39
x0135 119 384 58
x0136 123 347 58
x0137 104 308 53
x0138 125 343 60
x0139 134 399 62
x0140 80 301 54
x0141 116 356 56
x0142 98 347 51
x0143 126 376 59
x0144 134 399 62
x0145 114 365 49
x0146 129 372 60
x0147 121 350 57
x0148 119 356 53
x0149 135 430 65
x0150 128 408 59
x0151 117 353 58
x0152 112 365 51
x0153 139 538 64
x0154 143 409 78
x0155 123 378 60
x0156 121 382 58
x0157 138 465 63
x0158 130 440 60
x0159 146 414 70
x0160 138 354 69
x0161 148 483 72
x0162 145 449 72
x0163 153 515 73
x0164 147 449 70
x0165 149 483 71
x0166 146 449 71
x0167 146 449 71
x0168 150 482 71
x0169 150 482 71
x0170 144 418 68
x0171 143 348 70
x0172 150 446 70
x0173 141 495 67
x0174 146 449 71
x0175 150 446 70
x0176 138 424 68
x0177 146 449 71
x0178 149 482 72
x0179 145 450 71
x0180 140 351 70
x0181 143 416 71
x0182 138 389 68
x0183 138 356 67
x0184 143 382 70
x0185 138 424 68
x0186 150 446 70
x0187 143 382 70
x0188 120 476 70
x0189 146 414 70
x0190 150 482 71
x0191 145 453 68
x0192 146 414 70
x0193 143 382 70
x0194 143 453 70
x0195 152 480 71
x0196 144 453 69
x0197 141 421 68
x0198 146 414 70
x0199 141 387 67
x0200 143 348 70
x0201 140 387 68
x0202 140 456 70
x0203 140 387 68
x0204 140 387 68
x0205 148 485 70
x0206 152 517 72
x0207 152 517 72
x0208 150 521 70
x0209 148 449 69
x0210 152 480 71
x0211 145 414 71
x0212 153 478 72
x0213 150 482 71
x0214 153 479 71
x0215 144 418 68
x0216 153 478 72
x0217 144 453 69
x0218 131 407 57
x0219 130 366 65
x0220 153 478 72
x0221 136 428 66
x0222 130 400 65
x0223 143 496 64
x0224 144 418 68
x0225 128 411 56
x0226 143 496 64
x0227 124 420 51
x0228 143 460 63
x0229 140 421 69
x0230 148 485 70
x0231 149 482 72
x0232 145 453 68
x0233 149 521 71
x0234 155 552 73
x0235 146 449 71
x0236 128 370 63
x0237 148 485 70
x0238 138 424 68
x0239 138 389 68
x0240 141 421 68
x0241 140 424 66
x0242 141 421 68
x0243 153 515 73
x0244 140 459 67
x0245 133 329 66
x0246 153 515 73
x0247 141 421 68
x0248 115 447 68
x0249 136 394 65
x0250 145 488 70
x0251 144 453 69
x0252 138 424 68
x0253 149 520 72
x0254 137 424 69
x0255 145 449 72
x0256 149 482 72
x0257 153 515 73
x0258 145 449 72
x0259 134 392 69
x0260 153 515 73
x0261 132 397 66
x0262 153 515 73
x0263 145 488 70
x0264 145 488 70
x0265 135 359 67
x0266 143 416 71
x0267 145 452 69
x0268 145 452 69
x0269 138 390 67
x0270 138 390 67
x0271 149 446 71
x0272 145 449 72
x0273 128 439 63
x0274 157 548 75
x0275 113 416 66
x0276 145 488 70
x0277 129 437 64
x0278 135 392 68
x0279 145 449 72
x0280 150 482 71
x0281 146 449 71
x0282 142 456 68
x0283 150 482 71
x0284 125 408 62
x0285 153 478 72
x0286 153 515 73
x0287 138 425 67
x0288 149 482 72
x0289 149 482 72
x0290 147 485 71
x0291 147 485 71
x0292 123 508 72
x0293 149 482 72
x0294 152 515 74
x0295 146 414 70
x0296 140 497 66
x0297 157 548 75
x0298 147 448 71
x0299 141 456 69
x0300 145 488 70
x0301 150 482 71
x0302 151 518 72
x0303 134 468 64
x0304 140 421 69
x0305 149 521 71
x0306 116 481 69
x0307 145 449 72
x0308 119 441 70
x0309 123 508 72
x0310 123 508 72
x0311 147 482 74
x0312 123 508 72
x0313 157 548 75
x0314 121 509 73
x0315 111 490 65
x0316 115 444 71
x0317 123 472 71
x0318 125 543 73
x0319 127 540 74
x0320 158 547 75
x0321 133 572 75
x0322 138 604 78
x0323 160 545 75
x0324 173 649 81
x0325 142 639 80
x0326 173 649 81
x0327 176 597 88
x0328 160 584 76
x0329 165 578 77
x0330 131 536 74
x0331 133 534 74
x0332 138 565 77
x0333 138 604 78
x0334 131 536 74
x0335 131 536 74
x0336 160 545 75
x0337 131 574 75
x0338 128 495 80
x0339 142 591 87
x0340 173 600 88
x0341 144 629 88
x0342 136 598 86
x0343 136 598 86
x0344 132 565 83
x0345 162 573 85
x0346 137 598 85
x0347 168 607 86
x0348 168 607 86
x0349 168 607 86
x0350 173 641 89
x0351 173 600 88
x0352 173 641 89
x0353 173 600 88
x0354 142 631 88
x0355 173 600 88
x0356 173 600 88
x0357 142 591 87
x0358 173 600 88
x0359 173 600 88
x0360 173 600 88
x0361 173 641 89
x0362 173 600 88
x0363 168 607 86
x0364 142 631 88
x0365 173 641 89
x0366 173 641 89
x0367 173 641 89
x0368 173 600 88
x0369 173 600 88
x0370 173 600 88
x0371 137 598 85
x0372 175 682 89
x0373 173 600 88
x0374 174 641 88
x0375 174 641 88
x0376 173 600 88
x0377 173 600 88
x0378 142 591 87
x0379 167 567 86
x0380 168 607 86
x0381 169 647 87
x0382 142 631 88
x0383 170 647 86
x0384 142 631 88
x0385 173 641 89
x0386 181 631 91
x0387 173 600 88
x0388 181 673 92
x0389 142 631 88
x0390 181 673 92
x0391 173 641 89
x0392 149 622 90
x0393 181 673 92
x0394 142 591 87
x0395 173 600 88
x0396 149 663 91
x0397 181 673 92
x0398 181 673 92
x0399 181 673 92
x0400 173 641 89
x0401 181 673 92
x0402 181 631 91
x0403 181 673 92
x0404 174 682 90
x0405 181 673 92
x0406 181 673 92
x0407 173 641 89
x0408 173 641 89
x0409 168 607 86
x0410 173 641 89
x0411 169 607 85
x0412 173 641 89
x0413 174 682 90
x0414 173 600 88
x0415 174 682 90
x0416 173 641 89
x0417 173 641 89
x0418 174 682 90
x0419 173 641 89
x0420 173 641 89
x0421 173 641 89
x0422 173 641 89
x0423 173 641 89
x0424 173 641 89
x0425 169 608 84
x0426 173 641 89
x0427 167 567 86
x0428 142 591 87
x0429 174 641 88
x0430 169 647 87
x0431 144 668 91
x0432 195 739 101
x0433 176 638 89
x0434 150 704 92
x0435 181 673 92
x0436 182 715 93
x0437 181 673 92
x0438 182 715 93
x0439 182 715 93
x0440 149 663 91
x0441 181 673 92
x0442 181 673 92
x0443 182 715 93
x0444 182 715 93
x0445 163 624 74
x0446 144 629 88
x0447 182 715 93
x0448 182 715 93
x0449 181 673 92
x0450 150 704 92
x0451 181 673 92
x0452 181 631 91
x0453 152 704 90
x0454 184 715 91
x0455 182 720 88
x0456 185 757 93
x0457 187 799 95
x0458 187 799 95
x0459 155 786 94
x0460 147 669 87
x0461 153 745 92
x0462 185 757 93
x0463 180 720 90
x0464 155 786 94
x0465 187 799 95
x0466 187 799 95
x0467 185 755 95
x0468 185 757 93
x0469 187 799 95
x0470 155 786 94
x0471 149 748 93
x0472 155 786 94
x0473 141 730 75
x0474 149 749 92
x0475 152 791 92
x0476 155 786 94
x0477 187 799 95
x0478 155 786 94
x0479 155 786 94
x0480 155 786 94
x0481 155 786 94
x0482 155 786 94
x0483 153 789 93
x0484 155 786 94
x0485 155 786 94
x0486 162 868 98
x0487 162 868 98
x0488 164 909 103
x0489 162 868 98
x0490 160 866 102
x0491 156 829 96
x0492 156 831 94
x0493 156 831 94
x0494 187 846 95
x0495 156 831 94
x0496 195 832 101
x0497 183 805 93
x0498 199 874 103
x0499 185 805 91
x0500 197 832 99
x0501 209 954 112
x0502 187 846 95
x0503 184 847 97
x0504 201 916 108
x0505 199 874 103
x0506 199 874 103
x0507 199 874 103
x0508 199 874 103
x0509 194 883 99
x0510 187 846 95
x0511 207 911 107
x0512 197 832 99
x0513 199 874 103
x0514 194 883 99
x0515 207 911 107
x0516 207 911 107
x0517 199 874 103
x0518 207 911 107
x0519 201 916 108
x0520 207 911 107
x0521 209 954 112
x0522 197 832 99
x0523 207 911 107
x0524 191 846 91
x0525 207 911 107
x0526 199 874 103
x0527 199 874 103
x0528 199 874 103
x0529 197 831 100
x0530 197 832 99
x0531 197 832 99
x0532 177 778 80
x0533 199 874 103
x0534 197 832 99
x0535 199 874 103
x0536 199 874 103
x0537 205 868 103
x0538 194 838 96
x0539 186 803 92
x0540 209 954 112
x0541 185 894 97
x0542 188 844 96
x0543 194 883 99
x0544 176 817 88
x0545 180 818 83
x0546 209 954 112
x0547 176 817 88
x0548 199 882 95
x0549 194 838 96
x0550 207 911 107
x0551 170 867 91
x0552 186 803 92
x0553 186 803 92
x0554 194 838 96
x0555 198 922 105
x0556 196 880 100
x0557 186 803 92
x0558 180 816 85
x0559 183 853 92
x0560 188 844 96
x0561 187 801 93
x0562 188 844 96
x0563 194 838 96
x0564 174 777 84
x0565 182 806 93
x0566 188 800 93
x0567 185 807 89
x0568 191 750 94
x0569 182 724 84
x0570 181 812 88
x0571 158 676 69
x0572 183 849 96
x0573 178 857 93
x0574 188 844 96
x0575 172 784 79
x0576 190 885 101
x0577 176 817 88
x0578 193 790 98
x0579 185 756 94
x0580 188 844 96
x0581 188 844 96
x0582 186 894 96
x0583 179 857 92
x0584 179 857 92
x0585 179 857 92
x0586 179 857 92
x0587 179 857 92
x0588 178 864 86
x0589 186 894 96
x0590 186 894 96
x0591 177 813 91
x0592 177 813 91
x0593 186 894 96
x0594 186 894 96
x0595 172 820 89
x0596 186 894 96
x0597 186 894 96
x0598 178 864 86
x0599 186 894 96
x0600 178 864 86
x0601 186 894 96
x0602 186 894 96
x0603 179 857 92
x0604 186 894 96
x0605 179 857 92
x0606 186 894 96
x0607 179 857 92
x0608 179 857 92
x0609 186 894 96
x0610 186 894 96
x0611 179 857 92
x0612 179 857 92
x0613 179 857 92
x0614 179 857 92
x0615 170 828 83
x0616 179 857 92
x0617 186 894 96
x0618 171 828 82
x0619 179 857 92
x0620 186 894 96
x0621 179 857 92
x0622 186 894 96
x0623 179 857 92
x0624 186 894 96
x0625 179 857 92
x0626 173 817 91
x0627 179 857 92
x0628 179 857 92
x0629 186 894 96
x0630 179 857 92
x0631 179 857 92
x0632 179 857 92
x0633 170 828 83
x0634 177 813 91
x0635 174 864 90
x0636 179 857 92
x0637 170 828 83
x0638 179 857 92
x0639 170 829 82
x0640 179 857 92
x0641 179 857 92
x0642 179 857 92
x0643 179 857 92
x0644 170 828 83
x0645 179 857 92
x0646 179 857 92
x0647 179 857 92
x0648 179 857 92
x0649 173 817 91
x0650 179 857 92
x0651 167 827 87
x0652 179 857 92
x0653 179 857 92
x0654 170 828 83
x0655 179 857 92
x0656 167 827 87
x0657 179 857 92
x0658 179 857 92
x0659 179 857 92
x0660 177 813 91
x0661 170 829 82
x0662 179 857 92
x0663 176 866 86
x0664 170 829 82
x0665 170 829 82
x0666 170 829 82
x0667 170 829 82
x0668 170 829 82
x0669 170 829 82
x0670 179 857 92
x0671 168 786 81
x0672 170 829 82
x0673 170 829 82
x0674 176 866 86
x0675 161 800 74
x0676 150 770 70
x0677 179 857 92
x0678 170 829 82
x0679 170 829 82
x0680 170 829 82
x0681 162 799 74
x0682 170 829 82
x0683 161 800 74
x0684 170 829 82
x0685 170 829 82
x0686 170 829 82
x0687 179 857 92
x0688 179 857 92
x0689 170 828 83
x0690 179 857 92
x0691 179 857 92
x0692 179 857 92
x0693 179 857 92
x0694 170 829 82
x0695 177 813 91
x0696 179 857 92
x0697 177 813 91
x0698 170 829 82
x0699 179 857 92
x0700 168 785 82
x0701 170 829 82
x0702 167 743 80
x0703 168 786 81
x0704 168 786 81
x0705 184 849 95
x0706 179 857 92
x0707 156 756 78
x0708 179 857 92
x0709 179 857 92
x0710 177 813 91
x0711 179 857 92
x0712 168 786 81
x0713 170 828 83
x0714 168 786 81
x0715 184 849 95
x0716 168 786 81
x0717 167 836 78
x0718 170 829 82
x0719 176 769 90
x0720 170 829 82
x0721 186 894 96
x0722 179 857 92
x0723 179 857 92
x0724 163 799 73
x0725 179 857 92
x0726 176 866 86
x0727 179 857 92
x0728 171 828 82
x0729 170 829 82
x0730 159 799 77
x0731 179 857 92
x0732 167 836 78
x0733 159 758 73
x0734 184 849 95
x0735 179 857 92
x0736 179 857 92
x0737 179 857 92
x0738 170 828 83
x0739 179 857 92
x0740 167 827 87
x0741 179 857 92
x0742 179 857 92
x0743 179 857 92
x0744 179 857 92
x0745 179 857 92
x0746 170 828 83
x0747 186 894 96
x0748 170 829 82
x0749 170 828 83
x0750 179 857 92
x0751 170 829 82
x0752 161 800 74
x0753 170 829 82
x0754 158 716 72
x0755 147 688 68
x0756 181 858 89
x0757 159 758 73
x0758 163 704 79
x0759 167 745 78
x0760 155 720 71
x0761 170 737 83
x0762 156 677 70
x0763 167 748 75
x0764 164 746 80
x0765 167 742 81
x0766 163 704 79
x0767 167 742 81
x0768 168 785 82
x0769 152 718 76
x0770 172 774 89
x0771 147 652 62
x0772 164 746 80
x0773 163 704 79
x0774 163 704 79
x0775 156 677 70
x0776 163 704 79
x0777 163 704 79
x0778 168 742 80
x0779 168 742 80
x0780 160 758 72
x0781 151 770 69
x0782 157 722 67
x0783 173 778 84
x0784 152 689 62
x0785 165 750 75
x0786 159 716 71
x0787 159 716 71
x0788 159 716 71
x0789 159 716 71
x0790 159 716 71
x0791 153 730 63
x0792 168 742 80
x0793 154 679 70
x0794 166 793 76
x0795 154 679 70
x0796 170 737 83
x0797 170 737 83
x0798 155 720 71
x0799 168 742 80
x0800 176 769 90
x0801 168 742 80
x0802 168 742 80
x0803 177 813 91
x0804 168 785 82
x0805 168 785 82
x0806 164 746 80
x0807 167 742 81
x0808 167 742 81
x0809 168 785 82
x0810 167 742 81
x0811 167 742 81
x0812 164 746 80
x0813 168 785 82
x0814 168 785 82
x0815 168 785 82
x0816 163 704 79
x0817 168 785 82
x0818 168 785 82
x0819 168 785 82
x0820 175 820 86
x0821 167 742 81
x0822 168 785 82
x0823 168 785 82
x0824 161 757 72
x0825 168 785 82
x0826 167 742 81
x0827 168 785 82
x0828 175 820 86
x0829 159 758 73
x0830 159 758 73
x0831 168 785 82
x0832 167 742 81
x0833 160 715 71
x0834 174 776 85
x0835 158 716 72
x0836 159 758 73
x0837 167 742 81
x0838 168 785 82
x0839 168 785 82
x0840 167 742 81
x0841 167 742 81
x0842 175 820 86
x0843 175 820 86
x0844 167 742 81
x0845 184 849 95
x0846 168 785 82
x0847 168 785 82
x0848 168 785 82
x0849 168 785 82
x0850 168 785 82
x0851 168 785 82
x0852 170 828 83
x0853 168 785 82
x0854 167 742 81
x0855 159 758 73
x0856 168 785 82
x0857 159 758 73
x0858 159 758 73
x0859 168 785 82
x0860 168 785 82
x0861 168 785 82
x0862 168 785 82
x0863 167 742 81
x0864 167 742 81
x0865 167 742 81
x0866 163 704 79
x0867 163 704 79
x0868 163 704 79
x0869 160 715 71
x0870 161 757 72
x0871 163 704 79
x0872 158 716 72
x0873 148 692 63
x0874 158 716 72
x0875 167 742 81
x0876 163 704 79
x0877 155 720 71
x0878 164 746 80
x0879 163 704 79
x0880 154 679 70
x0881 163 704 79
x0882 163 704 79
x0883 163 704 79
x0884 160 712 74
x0885 154 679 70
x0886 154 679 70
x0887 167 742 81
x0888 167 742 81
x0889 163 704 79
x0890 163 704 79
x0891 163 704 79
x0892 167 742 81
x0893 163 704 79
x0894 167 742 81
x0895 167 742 81
x0896 167 742 81
x0897 168 785 82
x0898 167 742 81
x0899 167 742 81
x0900 158 716 72
x0901 167 742 81
x0902 158 716 72
x0903 155 720 71
x0904 167 742 81
x0905 167 742 81
x0906 167 742 81
x0907 168 785 82
x0908 159 758 73
x0909 159 758 73
x0910 167 742 81
x0911 167 742 81
x0912 168 785 82
x0913 167 742 81
x0914 145 690 68
x0915 167 742 81
x0916 161 757 72
x0917 167 742 81
x0918 158 716 72
x0919 167 742 81
x0920 168 785 82
x0921 174 776 85
x0922 149 685 69
x0923 166 788 81
x0924 163 704 79
x0925 163 704 79
x0926 163 704 79
x0927 163 704 79
x0928 164 746 80
x0929 167 742 81
x0930 160 714 72
x0931 156 756 78
x0932 148 686 69
x0933 158 716 72
x0934 158 716 72
x0935 158 716 72
x0936 158 716 72
x0937 158 716 72
x0938 158 716 72
x0939 168 785 82
x0940 168 785 82
x0941 158 716 72
x0942 158 716 72
x0943 150 727 69
x0944 151 688 64
x0945 158 716 72
x0946 158 716 72
x0947 164 750 76
x0948 160 714 72
x0949 173 778 84
x0950 167 742 81
x0951 167 742 81
x0952 160 714 72
x0953 167 748 75
x0954 160 714 72
x0955 167 747 76
x0956 168 785 82
x0957 160 714 72
x0958 167 742 81
x0959 167 742 81
x0960 167 742 81
x0961 160 715 71
x0962 167 742 81
x0963 174 776 85
x0964 160 714 72
x0965 174 776 85
x0966 167 742 81
x0967 160 714 72
x0968 174 776 85
x0969 160 714 72
x0970 165 793 77
x0971 174 776 85
x0972 167 742 81
x0973 168 785 82
x0974 167 742 81
x0975 168 785 82
x0976 168 785 82
x0977 159 758 73
x0978 164 746 80
x0979 159 758 73
x0980 159 758 73
x0981 168 785 82
x0982 163 747 80
x0983 158 716 72
x0984 142 618 60
x0985 167 742 81
x0986 161 756 73
x0987 168 785 82
x0988 168 785 82
x0989 164 746 80
x0990 163 747 80
x0991 168 785 82
x0992 162 748 80
x0993 175 820 86
x0994 154 679 70
x0995 168 785 82
x0996 164 789 82
x0997 157 718 71
x0998 159 758 73
x0999 164 746 80
x1000 170 828 83
