x0000 3772 32736 1995
x0001 3849 26228 1801
x0002 4069 26984 1587
x0003 4180 29351 1714
x0004 3984 33175 2181
x0005 3530 26768 2087
x0006 3602 28420 1908
x0007 4045 31336 2294
x0008 4173 30193 2762
x0009 4405 32268 2667
x0010 4639 36069 2952
x0011 4722 35104 3245
x0012 4027 29326 2693
x0013 4219 31959 2882
x0014 4682 34589 2924
x0015 5182 36689 2979
x0016 5388 37897 3380
x0017 6308 40415 3680
x0018 4256 29741 2588
x0019 4265 29139 2374
x0020 4880 33007 2583
x0021 4569 28767 2442
x0022 5681 31298 3491
x0023 4125 25528 2478
x0024 4434 29256 2356
x0025 4454 23728 2446
x0026 4640 24825 3175
x0027 4103 26549 2759
x0028 4170 24258 2448
x0029 3857 26471 2312
x0030 3627 25330 2669
x0031 4120 31033 2797
x0032 5447 32363 4095
x0033 5052 31378 3191
x0034 4816 26090 2764
x0035 5326 28847 3502
x0036 4888 26170 2872
x0037 5306 28365 3185
x0038 7442 34652 3962
x0039 7155 33465 3633
x0040 6639 30022 3525
x0041 6804 36586 3888
x0042 7605 41386 4637
x0043 6098 39172 3558
x0044 5268 31910 3292
x0045 5447 33284 3755
x0046 5354 38013 3604
x0047 4725 32395 3350
x0048 5153 34751 3756
x0049 4836 34383 3559
x0050 5207 39353 3645
x0051 4676 31864 3363
x0052 5051 37552 4062
x0053 4888 37368 3195
x0054 4972 34978 3121
x0055 6153 44242 4551
x0056 5906 40170 4327
x0057 5216 39577 3723
x0058 5587 37660 4031
x0059 4955 34160 3371
x0060 6027 41029 4304
x0061 4863 33422 3331
x0062 4636 35028 3996
x0063 5300 38198 4088
x0064 4603 33015 3423
x0065 6362 43957 4959
x0066 4835 37236 3985
x0067 4671 36231 3351
x0068 5490 36101 3860
x0069 4692 37527 4141
x0070 5923 43398 4307
x0071 5178 36101 3571
x0072 5496 43251 3903
x0073 5202 35342 4306
x0074 5677 36477 4206
x0075 4968 37959 4044
x0076 5323 37242 4100
x0077 6162 44356 5093
x0078 6036 39530 4837
x0079 6153 38977 4640
x0080 6190 40174 4676
x0081 5897 41850 5228
x0082 5567 40388 5085
x0083 4782 37714 4169
x0084 5184 38564 4457
x0085 5524 42164 4962
x0086 5610 41014 4416
x0087 5629 37536 4730
x0088 5849 39841 4713
x0089 6230 42642 4756
x0090 6969 47261 6148
x0091 5828 41906 5567
x0092 5597 41783 4946
x0093 5417 37931 4857
x0094 6663 46430 5560
x0095 5031 37998 5176
x0096 6143 42353 5460
x0097 5799 43738 5078
x0098 5768 42856 5991
x0099 5330 41129 4581
x0100 5452 37269 4557
x0101 5157 38421 4627
x0102 5266 38714 4536
x0103 6901 48350 6877
x0104 5832 42716 5408
x0105 6864 41251 6170
x0106 5643 38506 4679
x0107 6310 42006 5640
x0108 6896 43779 5605
x0109 5798 39693 4912
x0110 5134 36542 4684
x0111 6674 43797 5809
x0112 6091 39646 5303
x0113 5394 39869 5458
x0114 4995 37393 4890
x0115 4331 28838 4232
x0116 6077 35167 5421
x0117 4635 34590 4731
x0118 5172 35518 4761
x0119 5854 38429 5172
x0120 5873 40622 4865
x0121 5663 38305 4860
x0122 4800 32063 3607
x0123 5673 40210 5157
x0124 5725 39179 4866
x0125 4500 34087 4484
x0126 5764 37679 5385
x0127 5616 38633 5206
x0128 6472 40904 5599
x0129 5471 36155 4430
x0130 5630 33330 4405
x0131 6379 39643 5659
x0132 6117 35303 4940
x0133 5128 34779 5243
x0134 4880 31699 4749
x0135 5427 37474 5615
x0136 6195 38672 5854
x0137 6075 39157 5808
x0138 6845 42691 6409
x0139 5817 37324 6000
x0140 7376 45533 6776
x0141 6002 36942 6197
x0142 6359 44397 6874
x0143 6600 42712 6299
x0144 6794 45798 7093
x0145 6686 42917 6342
x0146 6946 44387 7320
x0147 5579 36527 5789
x0148 5827 40437 6386
x0149 8120 49775 7808
x0150 8415 49589 7699
x0151 6501 44326 6464
x0152 7604 47014 6807
x0153 6998 45259 7083
x0154 7567 50402 7734
x0155 8265 54329 8659
x0156 6904 44623 7126
x0157 6854 39957 6490
x0158 6754 39136 6113
x0159 7127 43005 7498
x0160 6355 38917 6088
x0161 5598 34892 5263
x0162 6267 37966 6170
x0163 7058 44671 7267
x0164 7232 40821 6232
x0165 7153 44937 6906
x0166 6982 41664 5969
x0167 7324 41302 6652
x0168 6362 38318 6041
x0169 6757 40862 6666
x0170 8235 47947 8438
x0171 6704 43030 6546
x0172 7504 45411 6770
x0173 6541 41822 6252
x0174 7774 47551 7510
x0175 6278 39046 6036
x0176 6475 39161 5724
x0177 7383 44933 7024
x0178 7192 46266 7617
x0179 6187 37988 5280
x0180 5749 33905 5196
x0181 7144 41647 6820
x0182 6740 38251 5730
x0183 8436 49697 7933
x0184 6659 42748 6538
x0185 6325 41017 5633
x0186 6158 39822 6346
x0187 7136 41421 6058
x0188 6527 44380 6384
x0189 8067 48545 7649
x0190 7343 44484 7169
x0191 7375 43137 7118
x0192 7740 49230 7291
x0193 6841 43277 6162
x0194 8115 47223 7852
x0195 6751 44800 7445
x0196 7337 44479 7524
x0197 7740 46925 7816
x0198 7067 43272 7291
x0199 8635 49162 7544
x0200 10097 49634 8904
x0201 7660 41162 8131
x0202 9942 49347 9717
x0203 8580 44727 8118
x0204 9331 48562 8902
x0205 10154 52504 9732
x0206 7530 41005 7410
x0207 8704 48258 9104
x0208 9763 50000 9988
x0209 7956 41836 8519
x0210 9195 48749 8122
x0211 9254 47917 8532
x0212 9135 44369 9331
x0213 9527 49305 9433
x0214 9410 54045 8935
x0215 8727 44652 8397
x0216 8946 47219 8455
x0217 8717 47720 8543
x0218 8544 44217 7965
x0219 8117 47292 8494
x0220 8364 44870 8191
x0221 8685 43586 7760
x0222 8364 42226 7380
x0223 7998 40325 7288
x0224 7882 40795 6934
x0225 7917 41486 7888
x0226 7205 39865 7876
x0227 8408 47663 8190
x0228 10004 54194 9338
x0229 10188 53235 9730
x0230 8348 47836 8077
x0231 8815 45023 8290
x0232 8772 50990 8503
x0233 8616 48615 7749
x0234 8910 45673 8252
x0235 7531 45342 7505
x0236 8233 44900 7942
x0237 8081 50459 8621
x0238 8150 51988 8497
x0239 7886 49417 8038
x0240 7470 44553 6973
x0241 8865 50866 8165
x0242 8210 47517 7819
x0243 8434 50234 7762
x0244 8163 44459 8803
x0245 7572 45348 7806
x0246 8121 47794 7988
x0247 7965 43914 7117
x0248 7374 42233 7346
x0249 7537 43797 6977
x0250 8354 44341 7683
x0251 7079 40461 7075
x0252 6970 40906 6739
x0253 7876 43936 7528
x0254 6396 41577 5983
x0255 8050 46405 7673
x0256 7326 37178 6856
x0257 8988 48435 8280
x0258 8495 46160 8891
x0259 9313 47310 9443
x0260 7123 41899 5924
x0261 7833 43283 7537
x0262 9193 48397 8476
x0263 9287 46222 8037
x0264 8623 46440 7772
x0265 7083 39014 6878
x0266 8460 44411 7507
x0267 8372 45294 8110
x0268 7845 40970 7465
x0269 7629 40289 7028
x0270 8818 45497 8166
x0271 9422 48687 8321
x0272 8514 42770 7369
x0273 8846 50868 8182
x0274 8279 45850 7999
x0275 8266 45713 7797
x0276 7894 41834 7902
x0277 8898 45752 8540
x0278 8633 46697 8216
x0279 7082 38806 6438
x0280 8229 42346 7055
x0281 10306 49509 8820
x0282 9544 46137 8222
x0283 8261 40443 6907
x0284 8728 43644 7659
x0285 8243 40333 7369
x0286 8944 41606 7420
x0287 7838 38785 7333
x0288 7820 38814 6994
x0289 9595 46616 8050
x0290 8890 43684 7804
x0291 8474 44278 7626
x0292 7788 39722 6775
x0293 8277 40596 7072
x0294 7688 39530 6738
x0295 7846 40211 6558
x0296 8492 43773 7420
x0297 8407 43794 7830
x0298 7984 42015 6617
x0299 8136 43852 7352
x0300 7953 43727 7660
x0301 9445 48772 7849
x0302 6895 37492 6016
x0303 9012 46284 7185
x0304 8326 44015 7344
x0305 9217 48698 8151
x0306 8644 45257 6825
x0307 10679 51504 8693
x0308 9280 40724 6949
x0309 8934 42252 7125
x0310 9266 43875 7237
x0311 7225 39984 6419
x0312 9565 47143 7912
x0313 8513 40046 6719
x0314 9413 45960 7462
x0315 8276 40948 6721
x0316 8044 41366 6535
x0317 8008 41935 7348
x0318 7942 40273 6731
x0319 9285 42227 7484
x0320 8361 39551 6703
x0321 8151 39979 6155
x0322 8666 40057 6888
x0323 9612 47561 8168
x0324 8739 42956 6958
x0325 7350 35383 6095
x0326 9915 42419 7697
x0327 8155 40540 6916
x0328 10779 49365 8491
x0329 11654 53583 9068
x0330 7628 40209 6448
x0331 8070 40345 6200
x0332 8726 43692 6922
x0333 8238 42879 6853
x0334 8229 44573 7576
x0335 8955 42357 6999
x0336 8480 46059 7589
x0337 9143 49772 7151
x0338 8192 41757 6667
x0339 8356 43876 6764
x0340 9167 43794 8114
x0341 8689 44983 8104
x0342 9176 42891 8311
x0343 8924 45710 8201
x0344 9339 46477 8445
x0345 8520 41758 7692
x0346 8669 44418 8338
x0347 8479 37212 7284
x0348 8740 41637 7934
x0349 10168 49547 8920
x0350 10403 50542 9555
x0351 10254 49474 8537
x0352 10919 51787 9684
x0353 8982 43034 8015
x0354 7585 38094 7296
x0355 10259 49633 9486
x0356 10362 48321 9582
x0357 10799 53851 9655
x0358 9578 49514 9543
x0359 9377 45512 9014
x0360 10043 50097 9238
x0361 11054 49475 10347
x0362 10202 49036 8658
x0363 10256 51338 8906
x0364 9290 44826 8365
x0365 8139 41915 6899
x0366 10642 49220 9144
x0367 10944 55443 9858
x0368 9553 47750 8400
x0369 10043 49077 8408
x0370 9108 45385 7988
x0371 9017 45041 8070
x0372 9745 47979 9071
x0373 8587 45898 7996
x0374 8431 45925 7772
x0375 9486 47356 8499
x0376 10176 48962 8758
x0377 10622 53974 9709
x0378 9537 46427 9016
x0379 10843 51674 9873
x0380 8727 44205 7794
x0381 8778 45499 8204
x0382 10153 51096 8876
x0383 8397 43865 7769
x0384 8841 42311 8188
x0385 9094 42858 8079
x0386 8110 38420 6771
x0387 8061 42376 6854
x0388 7738 42362 7191
x0389 8386 45419 7971
x0390 9331 46451 8121
x0391 9807 49757 8701
x0392 7858 39635 7122
x0393 9487 47598 8981
x0394 9589 47954 8887
x0395 8137 41502 7652
x0396 8400 45903 7825
x0397 8491 45347 7587
x0398 7864 40812 6935
x0399 8208 41704 7041
x0400 8566 44206 7259
x0401 8295 44615 7468
x0402 9068 46745 7733
x0403 11215 53229 9476
x0404 9231 48606 7866
x0405 10049 48248 8133
x0406 9560 47205 7496
x0407 9985 49095 8448
x0408 7880 41218 7182
x0409 9639 50437 8189
x0410 8408 42348 7214
x0411 10419 54484 9017
x0412 8840 45849 7439
x0413 8632 48222 7766
x0414 10768 55212 9098
x0415 9998 51424 9078
x0416 9787 51400 8938
x0417 7826 43307 6837
x0418 8741 47018 7431
x0419 8525 48157 7938
x0420 9613 51354 8411
x0421 8924 48483 7934
x0422 9777 50991 8610
x0423 9681 50836 8489
x0424 10641 54937 8727
x0425 9979 49048 8501
x0426 9930 51214 8607
x0427 8484 44367 7527
x0428 8501 42892 7603
x0429 9137 43731 7163
x0430 9505 47022 8453
x0431 9644 47478 8581
x0432 10702 47089 8639
x0433 11057 50934 9262
x0434 10328 48261 8206
x0435 9467 46419 8017
x0436 11183 48873 8579
x0437 9918 46553 7790
x0438 10407 53102 8881
x0439 9413 48735 7918
x0440 10689 47845 8627
x0441 8827 45136 7813
x0442 11421 51161 9808
x0443 10883 48528 8854
x0444 11082 49402 9267
x0445 10816 54484 9005
x0446 10766 54583 8956
x0447 9972 49143 8413
x0448 9818 47319 8204
x0449 9552 48809 8434
x0450 11930 52959 9416
x0451 10143 46892 8668
x0452 10516 51303 8681
x0453 9334 44290 7451
x0454 9325 49346 8124
x0455 9503 49331 8327
x0456 10380 50130 9241
x0457 9356 50180 8360
x0458 9452 49311 8398
x0459 9322 46868 8430
x0460 8635 46922 7989
x0461 8886 43759 8081
x0462 10190 49312 8763
x0463 9843 58519 9059
x0464 8592 45751 7433
x0465 8470 41460 7023
x0466 10193 53811 9149
x0467 7410 40975 5900
x0468 8861 48837 7282
x0469 10756 47449 8590
x0470 8284 40091 6903
x0471 8964 43635 7779
x0472 8064 40203 7011
x0473 8375 41063 7178
x0474 8672 43466 7893
x0475 9385 45214 7882
x0476 8807 45137 8184
x0477 8930 45183 8015
x0478 8676 44628 7422
x0479 8486 43318 7192
x0480 8742 44295 7689
x0481 8399 38248 7309
x0482 9235 47343 8042
x0483 8621 42642 8077
x0484 10567 50216 9342
x0485 8713 46097 7671
x0486 8257 43876 7207
x0487 9485 48889 8421
x0488 9466 46597 8198
x0489 8515 46229 7737
x0490 8590 41830 7891
x0491 8727 45347 8407
x0492 9537 49165 9194
x0493 9864 50962 9674
x0494 8722 43185 8124
x0495 9383 48030 8653
x0496 8615 43220 7505
x0497 8047 38782 7786
x0498 8403 43573 8055
x0499 9550 49361 9354
x0500 8399 40936 7956
x0501 9357 46983 8280
x0502 9233 47395 9438
x0503 9814 45520 9646
x0504 7794 44671 7913
x0505 8040 42392 7879
x0506 10888 51423 10460
x0507 9765 47236 9065
x0508 8075 39576 7627
x0509 10118 49302 9215
x0510 9459 46558 8963
x0511 8272 42025 7673
x0512 9142 45907 8141
x0513 10133 48788 9344
x0514 9151 45516 8168
x0515 9336 45683 8884
x0516 8845 43299 8234
x0517 9333 46382 8905
x0518 10079 48425 8291
x0519 10471 48851 9313
x0520 9655 47996 8779
x0521 9131 44929 8421
x0522 9747 43740 8289
x0523 9112 44752 7912
x0524 8345 44539 7842
x0525 7577 41163 6871
x0526 9130 46743 8388
x0527 7843 39441 7662
x0528 8581 43019 7740
x0529 8931 45065 8132
x0530 9012 43136 8230
x0531 10017 47854 9290
x0532 10321 51500 10189
x0533 9126 46843 8651
x0534 10260 53467 9426
x0535 9331 47418 8231
x0536 8731 44139 7856
x0537 10505 51428 9698
x0538 8357 43313 7670
x0539 9392 44767 8322
x0540 9224 44320 8232
x0541 8547 42536 7913
x0542 9062 45658 7056
x0543 9691 49491 8346
x0544 11318 59855 9830
x0545 10655 50035 9061
x0546 11568 52337 10015
x0547 10784 50899 9570
x0548 9187 46145 8214
x0549 8703 46050 7375
x0550 10630 52464 8537
x0551 11081 58551 9371
x0552 10526 50212 9013
x0553 10703 54490 9498
x0554 8324 45180 7222
x0555 11467 54926 10243
x0556 10012 47737 8317
x0557 11155 48271 9209
x0558 11449 53746 8725
x0559 9554 50768 9056
x0560 9862 55120 8171
x0561 9921 53423 8287
x0562 11249 54667 8775
x0563 9331 52349 8071
x0564 9986 54960 8974
x0565 9548 50326 8391
x0566 9972 51231 7803
x0567 9306 46765 7475
x0568 9828 47266 7886
x0569 10562 53252 8957
x0570 10426 49138 7964
x0571 9122 50661 7378
x0572 11612 54917 9716
x0573 9706 50720 8209
x0574 10119 50363 8153
x0575 11500 53767 9038
x0576 10407 49977 8622
x0577 11308 53442 9941
x0578 9588 45881 8792
x0579 9565 43794 8417
x0580 11352 51269 9389
x0581 10846 48098 9321
x0582 9339 45513 7983
x0583 11150 55927 9559
x0584 11121 56187 9720
x0585 10979 50636 9638
x0586 9931 50517 9303
x0587 10951 50965 9337
x0588 11140 51829 9802
x0589 9895 48279 8621
x0590 9662 50622 8351
x0591 9162 45830 8198
x0592 11322 54726 9807
x0593 11059 52459 9635
x0594 10373 49744 9261
x0595 9890 51220 8641
x0596 11707 56993 9510
x0597 11072 55970 9986
x0598 9832 49802 9001
x0599 8529 46310 7289
x0600 10112 54489 9319
x0601 10335 55821 8922
x0602 10971 55293 9591
x0603 12826 57329 11655
x0604 10248 50419 8711
x0605 10691 49470 8474
x0606 10664 51835 8754
x0607 11606 59395 10405
x0608 10849 53247 9440
x0609 12810 59775 10851
x0610 9340 44017 8068
x0611 10938 54824 9316
x0612 8945 45040 7791
x0613 11422 55386 9828
x0614 9161 42899 7625
x0615 10650 51719 9641
x0616 10159 47450 8457
x0617 11015 52552 9204
x0618 10347 50138 8893
x0619 9830 51492 8429
x0620 10219 51537 9120
x0621 10565 53980 8991
x0622 10062 50212 8732
x0623 10367 54506 8663
x0624 11137 56648 9636
x0625 11016 53630 9659
x0626 11152 55528 10741
x0627 11133 54578 8980
x0628 11384 56679 9752
x0629 11082 55764 9790
x0630 11683 61455 9890
x0631 11976 59319 10111
x0632 10557 55988 9700
x0633 9596 50111 8189
x0634 10956 51356 9319
x0635 10806 49230 8970
x0636 10536 50420 9169
x0637 10115 47363 8952
x0638 11082 52940 9514
x0639 10908 50545 9423
x0640 10693 48721 9221
x0641 10456 51557 9240
x0642 9580 47657 7743
x0643 9898 48391 8872
x0644 11867 52248 9805
x0645 10871 52507 9012
x0646 9578 48691 8526
x0647 10011 46601 8368
x0648 11283 55379 9583
x0649 9966 51105 8307
x0650 10847 54061 10170
x0651 10758 49654 8966
x0652 9538 48328 8200
x0653 10756 51676 9199
x0654 11518 54373 9575
x0655 12389 62422 10267
x0656 10242 48851 8803
x0657 10949 51790 9651
x0658 10686 50055 9010
x0659 10867 52213 9310
x0660 10068 48643 8817
x0661 11158 53924 9996
x0662 9076 46219 8251
x0663 9214 46124 8565
x0664 10956 52225 9209
x0665 11003 49852 9645
x0666 10953 47840 9472
x0667 10384 46402 9280
x0668 10282 49499 8484
x0669 11053 52493 9607
x0670 11005 54057 10016
x0671 11055 52002 9333
x0672 10310 51238 8952
x0673 10745 49905 8728
x0674 10711 52892 9550
x0675 10463 50732 9305
x0676 11093 55529 10014
x0677 9610 47332 8399
x0678 10092 49907 9752
x0679 11320 53239 9361
x0680 11288 53851 9166
x0681 11242 57820 10339
x0682 11209 52755 9956
x0683 11404 54483 10358
x0684 10437 55797 9621
x0685 9811 49057 9028
x0686 11701 56265 10244
x0687 10388 54618 9299
x0688 11789 54897 9950
x0689 9786 50171 9049
x0690 10031 51569 8900
x0691 9741 44909 9253
x0692 8899 42291 7463
x0693 8810 44542 8073
x0694 10139 47276 9015
x0695 10452 51859 9320
x0696 10593 48011 8924
x0697 9436 43893 8447
x0698 10538 51856 9237
x0699 9785 48794 8582
x0700 9462 45631 8453
x0701 10743 52604 9424
x0702 9305 49122 8734
x0703 9336 43519 8570
x0704 10310 51564 9757
x0705 11012 51627 10132
x0706 11385 49408 9707
x0707 9887 50272 8847
x0708 11363 53084 9473
x0709 9865 54273 9398
x0710 9825 53217 8968
x0711 11068 53467 9001
x0712 10290 51009 9201
x0713 9151 52222 9127
x0714 10699 54579 9800
x0715 10381 50503 9616
x0716 10734 51944 9712
x0717 9678 43121 8276
x0718 8664 43234 7787
x0719 9871 43331 8926
x0720 9523 49236 9137
x0721 9911 44813 9179
x0722 9588 45371 8587
x0723 10696 52663 10177
x0724 10445 50578 9853
x0725 11311 52720 10274
x0726 9609 46917 8454
x0727 10247 48412 9606
x0728 8869 47548 9286
x0729 9113 44106 8206
x0730 9432 48502 8496
x0731 10005 45829 9146
x0732 8840 45416 8579
x0733 10725 51293 9613
x0734 10323 48955 9357
x0735 10442 45984 9640
x0736 9908 48493 9495
x0737 9735 43933 8460
x0738 9951 49928 8756
x0739 9595 43104 8376
x0740 9498 55030 9392
x0741 9986 50813 8952
x0742 9611 47588 8867
x0743 10140 46193 9008
x0744 9020 44539 8217
x0745 9724 47733 8973
x0746 11412 53023 10256
x0747 10188 48632 9445
x0748 9745 44811 9705
x0749 10626 50046 10204
x0750 10752 48543 9711
x0751 10847 52470 9454
x0752 11051 51078 9502
x0753 10072 47013 8981
x0754 9734 49835 8327
x0755 10127 51028 9721
x0756 9534 45125 8531
x0757 10351 46134 9581
x0758 9697 48908 8923
x0759 8232 42076 7662
x0760 9709 46843 8428
x0761 10053 50250 8703
x0762 8836 44746 8194
x0763 8489 41685 7796
x0764 10260 51744 9249
x0765 10525 50567 9408
x0766 8923 42712 8050
x0767 10448 50062 9241
x0768 10759 50510 9607
x0769 9544 48668 9316
x0770 11269 47959 9037
x0771 12085 57948 10568
x0772 10883 50580 9413
x0773 10093 48430 8638
x0774 7998 36643 7040
x0775 8952 41748 7611
x0776 10876 49605 10019
x0777 9444 45941 8876
x0778 8935 42497 8253
x0779 10520 48575 9540
x0780 11293 49050 10157
x0781 8794 43831 8101
x0782 8790 40513 7988
x0783 9849 47553 9393
x0784 10191 49266 9178
x0785 9613 44349 8519
x0786 11365 54548 10332
x0787 11783 54081 10381
x0788 9700 45504 8699
x0789 10399 48283 9583
x0790 9814 48449 9265
x0791 9925 48274 9329
x0792 11025 55316 9514
x0793 9335 45500 8711
x0794 10738 47807 8983
x0795 10759 50343 9774
x0796 11194 54489 10562
x0797 10075 53300 9396
x0798 9869 47555 9006
x0799 9275 46812 8533
x0800 9994 50242 8770
x0801 11553 52150 10217
x0802 9386 46173 8344
x0803 11092 46381 8957
x0804 8824 42089 8427
x0805 8589 42738 7669
x0806 10961 49119 9298
x0807 11270 50660 10080
x0808 9327 41852 8161
x0809 10023 48692 8446
x0810 8116 45336 7973
x0811 10345 49002 9659
x0812 10270 44824 8809
x0813 10565 47589 9374
x0814 8375 43259 7362
x0815 9374 44747 8007
x0816 10061 50965 8725
x0817 8959 45510 8366
x0818 10963 48196 9476
x0819 9371 46209 7610
x0820 9938 42902 8235
x0821 9333 45739 7763
x0822 11993 52336 9976
x0823 8881 41405 7344
x0824 9920 44514 8401
x0825 10378 48328 8822
x0826 9060 44355 8361
x0827 9965 46207 8808
x0828 9294 43340 8441
x0829 9533 42598 8595
x0830 9705 45877 8321
x0831 10845 50102 8804
x0832 9516 43715 7844
x0833 10252 48795 8481
x0834 9480 44260 8388
x0835 9186 42645 8200
x0836 11859 53521 10865
x0837 12347 50043 10381
x0838 10652 48425 9558
x0839 9159 43549 8018
x0840 10338 49656 9384
x0841 10430 45927 8984
x0842 10794 48185 9286
x0843 9688 44332 8461
x0844 10656 43727 9163
x0845 11113 47483 9300
x0846 9386 45178 8626
x0847 10023 45745 8852
x0848 10253 47286 8891
x0849 9777 47934 8355
x0850 11644 52330 9562
x0851 13787 64799 12792
x0852 13145 56411 11045
x0853 12621 57690 10692
x0854 12502 52853 11281
x0855 11918 55307 10985
x0856 11742 51689 9722
x0857 13182 58934 10912
x0858 11865 54644 10127
x0859 13191 58802 11443
x0860 13084 60384 11610
x0861 12609 55261 11133
x0862 12431 60981 10843
x0863 10762 53661 9882
x0864 12611 55220 11172
x0865 13739 61227 11770
x0866 14110 60850 12611
x0867 11011 51489 10271
x0868 12004 56330 10272
x0869 11975 55178 11057
x0870 12564 60975 11127
x0871 11462 55384 10575
x0872 11716 54668 10644
x0873 11876 58419 11111
x0874 11103 53934 10429
x0875 12075 53426 10744
x0876 11057 55533 10046
x0877 13907 64892 13007
x0878 12128 53350 10767
x0879 11886 53278 11081
x0880 12096 54313 11801
x0881 10630 51392 9609
x0882 12919 62520 12132
x0883 12349 54859 11398
x0884 10745 51677 10349
x0885 9423 49520 8218
x0886 12025 55807 10774
x0887 12659 61961 10871
x0888 10842 52185 9363
x0889 11706 55456 10259
x0890 12221 55379 10610
x0891 12286 59964 11186
x0892 12786 60076 10983
x0893 14136 65361 12309
x0894 10508 55466 9492
x0895 13972 65640 12623
x0896 11455 53489 9747
x0897 11954 54736 10731
x0898 11571 59972 9460
x0899 13793 64041 11419
x0900 11584 57765 9654
x0901 10726 53027 10167
x0902 12037 59188 10585
x0903 12646 56404 10351
x0904 12230 60541 11074
x0905 12015 54532 10481
x0906 11219 55990 9819
x0907 12280 61967 10831
x0908 12935 59142 10544
x0909 13271 60800 12249
x0910 13286 62741 11963
x0911 13973 61739 12698
x0912 13172 61570 12411
x0913 14516 61353 12541
x0914 13691 64028 12381
x0915 12433 57272 10896
x0916 11444 57436 10123
x0917 11903 60513 10205
x0918 13457 59452 12582
x0919 11327 55819 10669
x0920 12994 58704 11330
x0921 11432 55878 10505
x0922 11940 58378 10685
x0923 13702 59890 11899
x0924 12409 61970 11526
x0925 12099 58859 11257
x0926 13041 61152 11712
x0927 10778 54487 10590
x0928 12471 59950 12657
x0929 11944 58834 11437
x0930 11994 54810 11011
x0931 11324 57761 10316
x0932 11384 56256 10570
x0933 10676 56611 10134
x0934 11417 58897 11092
x0935 11032 58594 9775
x0936 11680 61253 10503
x0937 12557 61412 11109
x0938 11281 59414 10308
x0939 10523 60007 10071
x0940 12474 60006 10956
x0941 12206 62103 11182
x0942 13550 64625 12350
x0943 11883 61081 10472
x0944 11926 60721 11608
x0945 12116 63292 11745
x0946 11322 56882 10402
x0947 10366 53344 10595
x0948 11501 57420 10879
x0949 12118 60518 10800
x0950 13630 66530 12075
x0951 12603 64368 12705
x0952 10841 55830 9965
x0953 12771 64945 11960
x0954 12469 66701 12208
x0955 11591 59872 11158
x0956 13261 64815 12024
x0957 10269 55300 9897
x0958 12955 63715 11740
x0959 12162 65161 10248
x0960 11528 62719 10831
x0961 11441 62125 10279
x0962 11208 57638 10555
x0963 12076 62237 10765
x0964 12008 58973 10425
x0965 11402 55043 10976
x0966 13246 62005 11485
x0967 11823 57940 10437
x0968 11594 56158 10458
x0969 13081 64822 11773
x0970 11796 57775 10629
x0971 13045 67475 11715
x0972 12668 67274 11864
x0973 12842 64021 11127
x0974 12021 60396 11019
x0975 12369 63453 10914
x0976 14356 68144 11895
x0977 12871 60606 10778
x0978 12024 60295 10709
x0979 12993 64975 11708
x0980 13339 66523 12373
x0981 11982 58209 10812
x0982 12127 62003 10948
x0983 11424 56275 10116
x0984 11022 56729 10064
x0985 11981 60620 11654
x0986 12383 63874 11733
x0987 11172 56621 10813
x0988 9980 55810 9676
x0989 11909 60117 11819
x0990 10179 55379 9520
x0991 11181 56949 10873
x0992 11078 57049 10876
x0993 12249 61071 11346
x0994 11176 61603 11066
x0995 12193 67702 11911
x0996 11914 61041 10890
x0997 13510 68336 12549
x0998 12869 67413 12814
x0999 12888 65134 12503
x1000 12187 61239 10419
