x0000 6 77 8
x0001 23 157 10
x0002 28 232 16
x0003 35 273 17
x0004 49 340 17
x0005 50 423 23
x0006 143 495 28
x0007 67 349 19
x0008 53 339 14
x0009 123 381 24
x0010 158 552 31
x0011 174 644 43
x0012 104 430 27
x0013 159 547 35
x0014 168 583 29
x0015 182 602 36
x0016 132 641 47
x0017 113 553 37
x0018 159 656 46
x0019 149 451 30
x0020 198 619 44
x0021 256 606 41
x0022 180 606 34
x0023 229 631 43
x0024 177 567 36
x0025 210 642 51
x0026 279 659 52
x0027 205 650 48
x0028 228 714 48
x0029 207 574 39
x0030 228 645 73
x0031 184 551 45
x0032 266 716 53
x0033 246 679 65
x0034 269 779 80
x0035 192 582 46
x0036 261 646 83
x0037 348 859 119
x0038 291 621 78
x0039 255 722 58
x0040 208 696 42
x0041 242 661 43
x0042 255 631 60
x0043 200 611 50
x0044 262 676 97
x0045 278 869 78
x0046 335 758 83
x0047 242 730 63
x0048 213 635 55
x0049 319 784 73
x0050 326 785 65
x0051 251 682 57
x0052 216 631 56
x0053 321 776 79
x0054 293 616 81
x0055 319 775 131
x0056 293 632 65
x0057 296 766 114
x0058 368 736 121
x0059 288 676 71
x0060 272 674 89
x0061 295 811 119
x0062 403 858 170
x0063 236 709 136
x0064 412 1030 154
x0065 334 788 103
x0066 378 965 142
x0067 343 830 153
x0068 472 990 191
x0069 359 948 178
x0070 336 935 160
x0071 384 955 201
x0072 404 897 184
x0073 357 810 159
x0074 389 751 135
x0075 497 931 168
x0076 366 895 170
x0077 429 909 147
x0078 431 1028 194
x0079 387 841 150
x0080 557 1005 208
x0081 403 858 170
x0082 525 994 192
x0083 397 882 206
x0084 425 1067 161
x0085 530 1129 171
x0086 528 1110 192
x0087 396 882 153
x0088 617 1052 222
x0089 648 1011 232
x0090 655 996 240
x0091 677 1108 295
x0092 554 1029 187
x0093 507 1064 199
x0094 518 967 226
x0095 446 935 215
x0096 424 834 173
x0097 491 1020 200
x0098 481 891 168
x0099 504 909 183
x0100 561 1155 300
x0101 510 953 248
x0102 452 858 230
x0103 425 838 168
x0104 374 851 153
x0105 413 897 175
x0106 474 1005 232
x0107 380 869 182
x0108 344 975 166
x0109 431 962 203
x0110 534 1052 244
x0111 485 982 303
x0112 491 1108 292
x0113 525 1014 231
x0114 591 1269 285
x0115 687 1359 369
x0116 631 1254 326
x0117 636 1343 299
x0118 527 1295 323
x0119 588 1248 244
x0120 701 1384 330
x0121 973 1665 522
x0122 679 1447 359
x0123 830 1558 387
x0124 692 1397 396
x0125 701 1264 381
x0126 756 1410 462
x0127 657 1352 406
x0128 666 1255 357
x0129 776 1350 430
x0130 950 1523 530
x0131 668 1329 418
x0132 931 1364 480
x0133 939 1598 544
x0134 935 1631 515
x0135 799 1339 418
x0136 892 1643 468
x0137 887 1298 516
x0138 960 1414 476
x0139 874 1428 473
x0140 911 1592 500
x0141 1024 1668 548
x0142 927 1589 487
x0143 934 1634 513
x0144 898 1536 492
x0145 885 1565 400
x0146 882 1443 450
x0147 905 1408 388
x0148 840 1514 496
x0149 924 1571 431
x0150 936 1724 500
x0151 885 1586 532
x0152 1058 1835 593
x0153 954 1682 524
x0154 960 1723 557
x0155 978 1902 523
x0156 983 1630 547
x0157 865 1460 525
x0158 896 1644 541
x0159 1043 1769 591
x0160 955 1711 574
x0161 1014 1775 532
x0162 707 1420 429
x0163 857 1724 579
x0164 929 1485 512
x0165 1041 1698 582
x0166 1006 1689 545
x0167 1022 1758 541
x0168 947 1331 423
x0169 1030 1733 558
x0170 949 1562 492
x0171 1035 1573 552
x0172 979 1505 442
x0173 1068 1662 591
x0174 940 1602 461
x0175 1131 1790 565
x0176 1026 1782 595
x0177 1076 1862 632
x0178 1161 2022 645
x0179 961 1767 512
x0180 1114 1866 590
x0181 1022 1706 593
x0182 1111 1927 617
x0183 957 1754 610
x0184 822 1570 534
x0185 916 1548 462
x0186 825 1589 512
x0187 1032 1728 480
x0188 1009 1577 495
x0189 1243 2072 690
x0190 1067 1867 636
x0191 990 1766 565
x0192 943 1576 562
x0193 1102 1915 638
x0194 1181 1994 653
x0195 1019 1822 562
x0196 1094 1874 602
x0197 1235 1981 700
x0198 988 1641 531
x0199 1109 1805 572
x0200 1088 1658 657
x0201 1125 1839 606
x0202 906 1616 559
x0203 1001 1688 632
x0204 1026 1523 532
x0205 1331 2002 672
x0206 1125 2072 631
x0207 1076 1902 592
x0208 1181 2034 613
x0209 1260 2057 599
x0210 1164 1848 643
x0211 1185 1835 721
x0212 1109 1664 630
x0213 1094 1831 645
x0214 996 1711 614
x0215 1168 2030 630
x0216 1207 1857 677
x0217 1123 2085 620
x0218 1051 1824 528
x0219 1104 1976 575
x0220 1180 2090 558
x0221 1361 2212 613
x0222 1143 2131 642
x0223 1166 2032 543
x0224 1062 2012 496
x0225 1018 2023 529
x0226 1109 2088 544
x0227 1191 2000 637
x0228 1185 1690 528
x0229 1093 1963 514
x0230 1167 2121 628
x0231 1147 2027 567
x0232 1259 2299 628
x0233 1228 2024 664
x0234 1258 2103 644
x0235 1275 2023 618
x0236 1229 2012 587
x0237 1292 2101 702
x0238 1368 2133 685
x0239 1298 2037 581
x0240 1145 2096 587
x0241 1204 1952 585
x0242 1347 1891 590
x0243 1231 1900 610
x0244 1387 1955 663
x0245 1206 1885 564
x0246 1386 1981 638
x0247 1211 1873 571
x0248 1348 1949 619
x0249 1364 2122 609
x0250 1402 1866 648
x0251 1554 2049 768
x0252 1617 2145 798
x0253 1322 1788 631
x0254 1791 2247 813
x0255 1497 2014 675
x0256 1408 1780 640
x0257 1468 1923 614
x0258 1668 2116 776
x0259 1512 1889 694
x0260 1568 1991 719
x0261 1429 1837 739
x0262 1343 1863 622
x0263 1554 1940 692
x0264 1560 2007 711
x0265 1595 2012 764
x0266 1723 2161 869
x0267 1778 2180 795
x0268 1277 1959 680
x0269 1472 1852 681
x0270 1779 2266 905
x0271 1779 2094 880
x0272 1780 2209 862
x0273 1700 2173 880
x0274 1851 1988 914
x0275 1849 2176 925
x0276 1449 2104 725
x0277 1482 1851 762
x0278 1438 1892 675
x0279 1651 2007 807
x0280 1850 2160 940
x0281 1646 2105 905
x0282 1785 2114 854
x0283 1729 2061 866
x0284 1848 2064 841
x0285 1827 2164 860
x0286 1831 2072 948
x0287 1582 1967 729
x0288 1817 2213 920
x0289 1840 2334 876
x0290 1608 1811 767
x0291 1786 2237 828
x0292 1641 2116 899
x0293 1663 2004 893
x0294 1830 2058 963
x0295 1643 1764 871
x0296 1615 2066 879
x0297 1689 2166 801
x0298 1707 1980 873
x0299 1701 1941 823
x0300 1716 1902 847
x0301 1792 2146 913
x0302 1799 2137 915
x0303 1515 1893 687
x0304 1488 1923 775
x0305 1542 1769 784
x0306 1533 1936 717
x0307 1674 1985 806
x0308 1719 2200 932
x0309 1498 1878 719
x0310 1674 1982 904
x0311 1704 2009 847
x0312 1492 1911 692
x0313 1509 1847 739
x0314 1445 1952 789
x0315 1415 1786 715
x0316 1511 1871 896
x0317 1628 2024 813
x0318 1626 1973 866
x0319 1614 1960 797
x0320 1696 1960 904
x0321 1722 2082 852
x0322 1613 1882 876
x0323 1764 2168 919
x0324 1772 2056 925
x0325 1882 2337 1034
x0326 1667 2278 808
x0327 1909 2100 941
x0328 1537 1866 692
x0329 1969 2091 890
x0330 1628 2010 733
x0331 1812 2006 935
x0332 1862 2269 919
x0333 1895 2152 1003
x0334 2017 2225 1011
x0335 1746 1914 900
x0336 1983 2360 1013
x0337 1823 1992 841
x0338 2022 2206 1025
x0339 1852 2101 997
x0340 1766 2094 893
x0341 1845 2151 1054
x0342 1738 2084 931
x0343 1649 1796 833
x0344 1400 1751 765
x0345 1563 1858 857
x0346 1476 1970 832
x0347 1464 1743 798
x0348 1469 1795 922
x0349 1534 1858 886
x0350 1422 1727 856
x0351 1483 1913 882
x0352 1617 1930 824
x0353 1506 1870 902
x0354 1574 1975 916
x0355 1818 2062 873
x0356 1518 2022 738
x0357 1723 2151 879
x0358 1750 2114 889
x0359 1573 1951 847
x0360 1527 1975 869
x0361 1775 2233 942
x0362 1541 1777 777
x0363 1810 2310 930
x0364 1998 2346 1012
x0365 1711 1945 809
x0366 1622 2049 889
x0367 1754 2172 925
x0368 1730 2159 864
x0369 1905 2245 1001
x0370 1560 1998 813
x0371 1626 2066 868
x0372 1925 2246 879
x0373 1805 2094 854
x0374 1641 1996 828
x0375 1699 1927 839
x0376 1740 2197 816
x0377 1700 1973 792
x0378 1729 2190 834
x0379 1852 2255 943
x0380 1837 2010 906
x0381 1733 1964 863
x0382 1919 2270 962
x0383 1803 2005 945
x0384 1831 2151 869
x0385 1824 2044 788
x0386 1662 1952 851
x0387 1932 2268 951
x0388 1794 2017 942
x0389 1918 2220 912
x0390 1890 2127 834
x0391 1879 2222 949
x0392 1817 2178 955
x0393 1886 1940 830
x0394 1835 2066 852
x0395 1861 2117 873
x0396 1833 2200 917
x0397 1905 2288 958
x0398 1754 1943 863
x0399 1920 2113 917
x0400 1700 1817 854
x0401 1988 2179 883
x0402 1938 2132 880
x0403 1638 1829 811
x0404 1769 1974 913
x0405 1845 2104 902
x0406 1767 2042 847
x0407 1902 1943 1006
x0408 1615 1974 876
x0409 1995 2259 999
x0410 1931 2145 974
x0411 1699 1898 868
x0412 1692 2025 843
x0413 1685 1942 838
x0414 1863 2192 995
x0415 1744 1880 841
x0416 1717 1905 938
x0417 1904 2087 959
x0418 1936 2237 978
x0419 1647 1858 960
x0420 1671 1696 911
x0421 1862 2189 999
x0422 1914 1949 988
x0423 1952 2025 874
x0424 2005 2268 980
x0425 1753 1990 913
x0426 1722 2089 845
x0427 1826 2233 891
x0428 1761 1964 835
x0429 1836 2169 945
x0430 1780 2190 881
x0431 1899 2105 946
x0432 2095 2280 981
x0433 1966 2346 941
x0434 1735 2035 886
x0435 2041 2265 1050
x0436 1881 2172 997
x0437 1851 1982 920
x0438 1802 2060 989
x0439 1929 2139 882
x0440 1846 2133 971
x0441 1769 2093 891
x0442 1942 2254 955
x0443 1960 1990 901
x0444 1902 2085 963
x0445 1909 2188 953
x0446 1906 2268 1079
x0447 2053 2282 1021
x0448 1914 2176 960
x0449 1698 1755 825
x0450 1740 2049 867
x0451 1927 2142 981
x0452 1836 2204 1010
x0453 1998 2127 925
x0454 1902 2089 959
x0455 2052 2282 919
x0456 1834 1864 767
x0457 1790 1985 881
x0458 2070 1984 896
x0459 1944 2213 893
x0460 2126 2168 959
x0461 2077 2348 1035
x0462 1902 2259 889
x0463 1927 1942 884
x0464 1988 2045 917
x0465 1930 2016 905
x0466 1982 2310 961
x0467 2107 2350 1003
x0468 2165 2325 1075
x0469 1892 2077 981
x0470 2130 2424 1011
x0471 1970 2286 895
x0472 2060 2297 999
x0473 1886 2215 849
x0474 1983 2170 897
x0475 2137 2327 996
x0476 2084 2319 953
x0477 2142 2463 1066
x0478 2157 2425 983
x0479 1949 2155 946
x0480 1944 2129 877
x0481 1969 2030 852
x0482 1723 1973 769
x0483 1894 2141 816
x0484 1844 2027 882
x0485 1840 1921 799
x0486 1921 1795 844
x0487 1872 1851 742
x0488 1976 2183 992
x0489 2033 2183 935
x0490 1835 1975 943
x0491 1976 2110 964
x0492 1751 1894 915
x0493 1928 1974 949
x0494 1784 1817 864
x0495 2067 2136 1050
x0496 2114 2267 1079
x0497 2026 2225 1002
x0498 2045 2262 1049
x0499 1940 1985 926
x0500 1980 2299 1077
x0501 1975 2055 920
x0502 1869 2140 941
x0503 2210 2619 1166
x0504 1973 2305 1078
x0505 2061 2202 990
x0506 1894 2056 901
x0507 1909 2144 997
x0508 1925 2171 954
x0509 2102 2466 1103
x0510 1776 2022 858
x0511 1966 2201 984
x0512 1915 2128 907
x0513 1650 1909 812
x0514 2020 2118 912
x0515 1867 2012 874
x0516 1950 2103 997
x0517 2054 2265 1037
x0518 2356 2642 1107
x0519 2264 2457 1057
x0520 2130 2435 1000
x0521 2488 2792 1161
x0522 2406 2832 1203
x0523 2254 2761 1090
x0524 2091 2393 976
x0525 2202 2549 1135
x0526 2490 2657 1181
x0527 2232 2571 1083
x0528 2229 2763 1113
x0529 2166 2568 1044
x0530 2503 2507 1206
x0531 2217 2555 1114
x0532 2014 2435 1011
x0533 2116 2354 1095
x0534 2019 2125 1007
x0535 2008 2299 1049
x0536 2135 2158 1063
x0537 2134 2196 1026
x0538 2249 2271 1045
x0539 1950 2302 1001
x0540 2081 2049 920
x0541 1795 1921 844
x0542 2182 2462 1027
x0543 2059 2117 975
x0544 2062 2198 993
x0545 2123 2201 929
x0546 2141 2243 972
x0547 2037 2267 1052
x0548 2091 2147 1015
x0549 1966 2054 1030
x0550 1743 1698 837
x0551 1681 1899 885
x0552 2036 2279 1041
x0553 2047 2082 1022
x0554 2002 2481 977
x0555 2105 2379 1081
x0556 1962 2289 900
x0557 2125 2186 1045
x0558 2272 2599 1124
x0559 2154 2081 1018
x0560 2086 2385 1094
x0561 2203 2392 1076
x0562 2081 2594 996
x0563 2079 2299 1082
x0564 1849 2310 992
x0565 1869 2464 920
x0566 2100 2457 1114
x0567 2110 2623 1153
x0568 2006 2450 1109
x0569 1837 2109 1004
x0570 2086 2523 1062
x0571 2036 2592 1150
x0572 1994 2392 1074
x0573 1683 2213 955
x0574 2260 2935 1246
x0575 2090 2514 1174
x0576 1842 2312 997
x0577 2207 2514 1165
x0578 1974 2320 1062
x0579 2260 2752 1204
x0580 1924 2340 1092
x0581 2011 2451 1103
x0582 1905 2326 1125
x0583 2089 2227 1144
x0584 1904 2227 1020
x0585 2031 2420 1114
x0586 2038 2220 995
x0587 2151 2441 1079
x0588 2080 2411 969
x0589 2236 2603 1156
x0590 2131 2397 1037
x0591 2108 2534 1244
x0592 2149 2386 1030
x0593 2008 2213 1032
x0594 1907 2239 1005
x0595 1912 2486 958
x0596 2113 2676 1097
x0597 2438 2763 1240
x0598 2210 2911 1207
x0599 2383 2891 1281
x0600 2453 2712 1163
x0601 2274 2329 1068
x0602 2444 2804 1193
x0603 2132 2360 1073
x0604 2368 2719 1241
x0605 2313 2265 987
x0606 2225 2535 1018
x0607 2359 2211 1101
x0608 2103 2411 1051
x0609 2423 2348 1115
x0610 2253 2424 1101
x0611 2261 2404 1113
x0612 2327 2431 1128
x0613 2114 2229 1117
x0614 2331 2623 1151
x0615 1935 2148 1068
x0616 2456 2603 1157
x0617 2206 2443 1129
x0618 2269 2580 1146
x0619 2059 2327 1074
x0620 1885 2195 970
x0621 2284 2329 1165
x0622 2548 2934 1304
x0623 2400 2703 1225
x0624 2182 2377 1006
x0625 2385 2405 1096
x0626 2326 2464 1096
x0627 2479 2607 1130
x0628 2388 2708 1232
x0629 1966 2276 909
x0630 2221 2427 1130
x0631 2184 2439 1155
x0632 1921 2182 1048
x0633 2149 2206 898
x0634 2690 2519 1007
x0635 2739 2936 1346
x0636 2666 3138 1336
x0637 2415 2860 1166
x0638 2388 2868 1185
x0639 2387 2640 1189
x0640 2646 3080 1295
x0641 2529 2819 1207
x0642 2766 3113 1261
x0643 2347 2771 1210
x0644 2647 3295 1318
x0645 2396 2978 1181
x0646 2366 2608 1131
x0647 2545 2847 1278
x0648 2406 2639 1171
x0649 2644 3048 1211
x0650 2537 2886 1247
x0651 2665 2819 1186
x0652 2476 2684 1168
x0653 2582 2725 1248
x0654 2597 2743 1215
x0655 2357 2720 1139
x0656 2420 2723 1185
x0657 2562 2916 1192
x0658 2578 3098 1227
x0659 2542 2926 1202
x0660 2476 2878 1201
x0661 2676 3056 1289
x0662 2602 3250 1169
x0663 2357 2645 1103
x0664 2327 2726 1052
x0665 2416 2779 1133
x0666 2707 3047 1267
x0667 2357 2916 1168
x0668 2139 2670 969
x0669 2190 2668 1028
x0670 2459 2809 1173
x0671 2479 2761 1088
x0672 2358 3042 1155
x0673 2251 2766 1088
x0674 2368 2695 1153
x0675 2392 2967 1196
x0676 2245 2654 1206
x0677 2098 2472 995
x0678 2428 2825 1188
x0679 2327 2899 1215
x0680 2484 2779 1178
x0681 2328 2955 1158
x0682 2385 2599 1121
x0683 2385 2885 1171
x0684 2295 2555 1036
x0685 2612 3041 1250
x0686 2286 2756 1174
x0687 2063 2377 1020
x0688 2299 2619 1077
x0689 1928 2540 992
x0690 1793 2573 887
x0691 2004 2859 1023
x0692 1954 2686 925
x0693 1865 2591 900
x0694 1896 2727 942
x0695 1976 2734 961
x0696 2134 2667 977
x0697 2191 2894 1020
x0698 2381 2924 1136
x0699 2147 2743 1105
x0700 2215 2797 1093
x0701 2040 2735 1003
x0702 1800 2433 918
x0703 2232 2994 1102
x0704 2101 2814 1080
x0705 2042 2745 991
x0706 2208 2673 1005
x0707 2334 3004 1103
x0708 2153 2797 1045
x0709 2226 3003 1099
x0710 2463 3281 1159
x0711 2185 3035 1108
x0712 2122 2868 1005
x0713 1958 2724 883
x0714 2594 3273 1154
x0715 2025 2979 991
x0716 2230 3053 1045
x0717 1953 2840 878
x0718 2051 2851 984
x0719 2251 3124 1066
x0720 2412 3136 1122
x0721 2200 2630 841
x0722 2653 2961 1289
x0723 2636 3061 1206
x0724 2327 2917 1084
x0725 2676 3275 1309
x0726 2462 2858 1121
x0727 2466 2922 1167
x0728 2263 2969 1096
x0729 2410 2891 1140
x0730 2793 3423 1287
x0731 2567 3185 1269
x0732 2558 2843 1154
x0733 2554 2975 1257
x0734 2457 2929 1169
x0735 2671 3031 1201
x0736 2526 3021 1239
x0737 2634 2963 1189
x0738 2383 2691 1142
x0739 2585 3225 1211
x0740 2641 2914 1231
x0741 2514 2909 1247
x0742 2654 3006 1243
x0743 2361 2887 1193
x0744 2400 2808 1120
x0745 2480 2896 1065
x0746 2535 2913 1222
x0747 2661 2876 1249
x0748 2633 2993 1160
x0749 2614 2736 1205
x0750 2651 3256 1233
x0751 2334 2701 1070
x0752 2441 2863 1137
x0753 2470 2932 1153
x0754 2441 2924 1190
x0755 2418 2830 1193
x0756 2425 2785 1231
x0757 2269 2867 1192
x0758 2384 2946 1225
x0759 2392 2939 1224
x0760 2557 2924 1189
x0761 2565 2660 1216
x0762 2628 3060 1215
x0763 2387 2651 1178
x0764 2553 3220 1248
x0765 2857 3304 1342
x0766 2680 3065 1276
x0767 2672 2831 1283
x0768 2808 3100 1232
x0769 2623 2986 1294
x0770 2647 2902 1237
x0771 2399 2687 1130
x0772 2493 2824 1238
x0773 2723 2866 1197
x0774 2694 2987 1222
x0775 2400 2767 1161
x0776 2712 3081 1347
x0777 2555 2935 1180
x0778 2688 3149 1303
x0779 2523 2972 1175
x0780 2578 3083 1242
x0781 2542 2819 1194
x0782 2531 2872 1267
x0783 2571 2831 1153
x0784 2429 2890 1122
x0785 2508 2811 1236
x0786 2683 3265 1192
x0787 2585 3008 1193
x0788 2411 2838 1079
x0789 2629 2905 1252
x0790 2655 3314 1291
x0791 2521 2824 1210
x0792 2472 2844 1239
x0793 2526 2993 1267
x0794 2541 2843 1171
x0795 2203 2549 1134
x0796 2574 3099 1230
x0797 2565 2986 1235
x0798 2701 3156 1283
x0799 2676 2859 1251
x0800 2786 3186 1409
x0801 2543 2853 1159
x0802 2801 3317 1385
x0803 2736 2799 1251
x0804 2404 2784 1140
x0805 2488 2794 1273
x0806 2693 3248 1319
x0807 2342 2858 1128
x0808 2613 2997 1293
x0809 2325 2887 1116
x0810 2406 2731 1079
x0811 2427 3013 1230
x0812 2511 3153 1239
x0813 2291 2765 1160
x0814 2474 3029 1167
x0815 2478 2885 1192
x0816 2549 3019 1218
x0817 2582 3148 1291
x0818 2461 2821 1273
x0819 2478 2764 1199
x0820 2436 2971 1263
x0821 2497 2861 1197
x0822 2616 3313 1331
x0823 2450 2915 1190
x0824 2533 2618 1177
x0825 2506 2856 1193
x0826 2537 3086 1280
x0827 2423 2647 1146
x0828 2487 2977 1322
x0829 2395 3076 1199
x0830 2387 2620 1209
x0831 2106 2695 977
x0832 2385 2679 1264
x0833 2189 2638 1168
x0834 2565 3047 1291
x0835 2091 2681 1006
x0836 2231 2889 985
x0837 2284 2709 1112
x0838 2335 2927 1179
x0839 2808 3222 1351
x0840 2678 3080 1263
x0841 2514 3106 1283
x0842 2476 3108 1202
x0843 2392 2961 1088
x0844 2511 3011 1148
x0845 2343 2895 1203
x0846 2632 3240 1268
x0847 2438 2984 1133
x0848 2251 2530 1105
x0849 2129 2638 1119
x0850 2249 2578 1168
x0851 2435 2928 1307
x0852 2207 2759 1139
x0853 2191 2767 1147
x0854 2160 2628 1098
x0855 2265 3120 1056
x0856 2223 2631 1141
x0857 2199 2802 994
x0858 2317 2900 1224
x0859 2543 3119 1241
x0860 2503 2924 1359
x0861 2518 3098 1287
x0862 2093 2640 1045
x0863 2292 2802 1234
x0864 2647 3159 1334
x0865 2571 2861 1354
x0866 2936 3333 1357
x0867 2436 2825 1180
x0868 2419 2825 1197
x0869 2657 3009 1237
x0870 2631 2897 1375
x0871 2510 2825 1335
x0872 2394 2792 1255
x0873 1841 2291 918
x0874 2542 3049 1312
x0875 2423 2634 1271
x0876 2700 3140 1300
x0877 2707 3013 1301
x0878 2446 2912 1312
x0879 2482 2651 1308
x0880 2260 2631 1214
x0881 2743 3111 1406
x0882 2605 3324 1211
x0883 2550 3251 1220
x0884 2472 3053 1261
x0885 2424 3182 1297
x0886 2246 2686 1063
x0887 2366 2862 1213
x0888 2455 3056 1275
x0889 2280 2594 1231
x0890 2116 2882 1107
x0891 2231 2660 1214
x0892 2301 3005 1249
x0893 2332 2881 1228
x0894 2510 2878 1282
x0895 2583 3071 1249
x0896 2581 3048 1274
x0897 2488 2993 1305
x0898 2470 2996 1204
x0899 2221 2731 1153
x0900 2345 2731 1140
x0901 2091 2773 1131
x0902 2294 2744 1178
x0903 2349 2940 1152
x0904 2151 2619 1116
x0905 2502 2795 1258
x0906 2003 2641 1027
x0907 2260 2607 1128
x0908 2260 2925 1143
x0909 2297 2591 1217
x0910 2268 2720 1117
x0911 2363 2816 1149
x0912 2104 2560 1007
x0913 1887 2418 948
x0914 1865 2403 985
x0915 2020 2512 1033
x0916 2209 2600 969
x0917 2396 2476 1123
x0918 1893 2288 769
x0919 1906 2586 864
x0920 2197 2380 988
x0921 1840 2352 959
x0922 1664 2127 769
x0923 2245 2460 1073
x0924 2428 2729 1059
x0925 1951 2501 1008
x0926 2065 2495 1005
x0927 2146 2492 1033
x0928 2077 2558 1036
x0929 2134 2670 974
x0930 2114 2570 987
x0931 2435 2784 1109
x0932 1881 2378 791
x0933 2120 2468 977
x0934 2145 2430 990
x0935 2338 2520 1028
x0936 2114 2226 1016
x0937 2018 2361 977
x0938 2449 2678 1089
x0939 2043 2344 969
x0940 2102 2415 943
x0941 2283 2499 889
x0942 2025 2406 925
x0943 2097 2490 978
x0944 2246 2257 957
x0945 2030 2107 813
x0946 2074 2090 886
x0947 2165 2074 912
x0948 2442 2360 976
x0949 2339 2298 928
x0950 2321 2156 879
x0951 2216 2161 876
x0952 2280 2269 911
x0953 2370 2274 921
x0954 2357 2278 825
x0955 2433 2327 911
x0956 2444 2600 1061
x0957 2460 2603 1042
x0958 2194 2367 899
x0959 2204 2291 965
x0960 2266 2273 921
x0961 2348 2418 1012
x0962 2448 2507 931
x0963 2415 2637 1053
x0964 2425 2595 975
x0965 2296 2632 958
x0966 2360 2409 1009
x0967 2068 2088 695
x0968 2048 1918 787
x0969 2051 1883 722
x0970 2129 2311 916
x0971 1844 1976 740
x0972 2237 2257 759
x0973 2157 2517 786
x0974 2093 2157 800
x0975 1800 1878 600
x0976 2096 2160 794
x0977 2000 2028 725
x0978 1662 2075 728
x0979 2181 2464 815
x0980 1712 1831 643
x0981 1933 1900 632
x0982 2022 2167 662
x0983 1755 1811 620
x0984 2024 1851 590
x0985 1867 1890 614
x0986 1898 1979 683
x0987 2041 2202 608
x0988 1759 1999 707
x0989 2043 2113 695
x0990 1717 1905 656
x0991 1664 1981 633
x0992 1949 2006 701
x0993 1767 1817 694
x0994 1726 1818 734
x0995 1472 1688 581
x0996 1549 1829 627
x0997 1436 1780 525
x0998 1646 2013 619
x0999 1572 1768 576
x1000 1702 1777 616
