x0000 12832 33175 3448
x0001 9988 17941 3196
x0002 10816 16321 3739
x0003 7796 14778 2402
x0004 9665 16292 2963
x0005 11135 18966 3569
x0006 10841 19189 3900
x0007 11096 16465 3564
x0008 11703 17400 4050
x0009 11676 16081 4121
x0010 10902 15508 3725
x0011 11206 18463 4261
x0012 11025 18830 4075
x0013 11086 17379 4175
x0014 11607 19126 4247
x0015 10983 16619 4276
x0016 10698 15953 3730
x0017 12836 20009 4830
x0018 10807 18240 3849
x0019 10891 16579 4156
x0020 11232 20622 4192
x0021 12402 17996 4582
x0022 9446 15515 3480
x0023 10604 16735 3786
x0024 8832 16016 3355
x0025 11060 19238 4155
x0026 9590 16586 3470
x0027 9238 16897 3511
x0028 11240 15237 3658
x0029 10066 16774 3541
x0030 12405 18280 4295
x0031 9925 15220 3296
x0032 10683 17131 3561
x0033 11204 17587 4362
x0034 10887 16451 3538
x0035 9101 15090 3070
x0036 10535 15971 2897
x0037 10810 16457 3361
x0038 11119 16641 3365
x0039 9879 14496 3120
x0040 11488 15082 3811
x0041 11568 16542 4021
x0042 11387 16829 3662
x0043 11608 17143 3634
x0044 13056 19919 4153
x0045 11169 17325 4146
x0046 11758 16896 3986
x0047 11373 18100 3680
x0048 11391 15926 3808
x0049 11100 16178 3847
x0050 10222 13739 3769
x0051 13125 16749 4842
x0052 10293 12914 3589
x0053 11898 16805 3682
x0054 10946 16108 3574
x0055 12751 16505 4155
x0056 11065 15418 3652
x0057 11352 14363 3688
x0058 12127 15918 3581
x0059 11300 16066 3510
x0060 10813 14409 3219
x0061 11332 14095 3734
x0062 9739 13586 2781
x0063 9169 13291 2965
x0064 11071 15527 3292
x0065 10545 14874 3022
x0066 11277 15346 3267
x0067 10531 16277 3327
x0068 10676 16984 3465
x0069 11942 15383 3551
x0070 9987 13762 3279
x0071 10541 16390 3204
x0072 10147 15155 3139
x0073 10506 14779 3395
x0074 9036 11816 3238
x0075 11296 16088 3741
x0076 10127 12716 3035
x0077 11015 15041 3834
x0078 8887 12955 2911
x0079 11345 13519 3577
x0080 10543 14170 3490
x0081 11829 14902 3650
x0082 10581 13424 2791
x0083 10349 13721 3191
x0084 11259 13672 3510
x0085 10692 14001 3510
x0086 10735 15290 3378
x0087 11002 13473 3491
x0088 10008 12959 3139
x0089 7892 12048 2638
x0090 9881 13912 2772
x0091 7742 11277 2509
x0092 8247 12704 2485
x0093 8831 12374 2448
x0094 8768 13607 2825
x0095 9123 14447 2536
x0096 9293 15971 2939
x0097 8125 11538 2282
x0098 9410 12803 2987
x0099 8811 13068 2652
x0100 8862 14494 2750
x0101 9704 13454 2948
x0102 9348 14038 3179
x0103 10065 14087 3109
x0104 9762 13884 3150
x0105 9774 13673 3349
x0106 9116 13193 2667
x0107 9222 14066 3047
x0108 9506 12697 2997
x0109 9126 13633 3119
x0110 10003 13610 3183
x0111 9473 14112 3211
x0112 9976 15654 3290
x0113 9606 14926 2963
x0114 9934 16225 3487
x0115 9068 13614 2743
x0116 8120 11783 2675
x0117 9506 14296 2763
x0118 9871 14245 2680
x0119 9574 14729 2958
x0120 8067 14650 2259
x0121 10707 16267 3161
x0122 8859 14199 2820
x0123 9006 14965 2364
x0124 9638 14694 2464
x0125 8039 16222 2535
x0126 10809 15788 3293
x0127 8866 13316 2794
x0128 9411 16538 2971
x0129 10723 15496 3427
x0130 8073 12940 2423
x0131 7883 13450 2538
x0132 10138 15118 2947
x0133 10519 16808 3054
x0134 10169 14397 2929
x0135 9727 14996 3007
x0136 10302 15151 2750
x0137 11162 14420 3338
x0138 12368 17430 3613
x0139 11265 16403 3208
x0140 11429 13549 3225
x0141 11255 15039 4087
x0142 11793 16488 3850
x0143 11032 15504 3354
x0144 12541 16629 2961
x0145 12108 17119 3669
x0146 11715 16239 3421
x0147 12569 15679 3378
x0148 11014 14842 3064
x0149 11597 14503 3061
x0150 10316 14605 2809
x0151 9433 12894 2426
x0152 10779 14618 3044
x0153 11747 16682 2946
x0154 11094 16659 3123
x0155 12564 16941 4165
x0156 12631 14893 3352
x0157 9925 14669 2901
x0158 12475 17874 3842
x0159 11543 16250 3582
x0160 10910 16710 3755
x0161 13205 18598 3975
x0162 11245 13940 3256
x0163 11186 18240 3727
x0164 12908 17992 4080
x0165 12136 17298 3719
x0166 12467 17011 3675
x0167 11365 16435 3575
x0168 13643 16828 3982
x0169 12563 16989 3859
x0170 11810 17318 3768
x0171 12809 18550 4152
x0172 9811 15335 3295
x0173 8896 14360 3540
x0174 10637 16441 3303
x0175 11685 18394 3851
x0176 11412 17000 3466
x0177 12189 17794 4208
x0178 10509 15751 3630
x0179 9900 14886 3180
x0180 11281 16639 4211
x0181 10413 15735 3013
x0182 9323 15380 2558
x0183 9054 14862 2649
x0184 10082 13301 2952
x0185 9102 13816 2960
x0186 8624 12927 2320
x0187 8659 14986 2233
x0188 11250 15337 2816
x0189 11358 14753 2809
x0190 9825 15528 3327
x0191 11096 15177 3130
x0192 9901 15223 3556
x0193 8690 12540 2641
x0194 8430 14820 2628
x0195 10933 16403 3540
x0196 8138 12433 2434
x0197 9576 13237 2612
x0198 8315 13536 2459
x0199 8149 12437 2419
x0200 9431 14133 2771
x0201 9041 14816 2939
x0202 9822 15723 2896
x0203 9471 15665 2594
x0204 9961 16759 3170
x0205 11045 16601 3230
x0206 8645 14432 2574
x0207 9625 15114 2991
x0208 9047 12645 2839
x0209 10094 16488 3308
x0210 12003 16759 3116
x0211 7702 12712 2164
x0212 9106 13683 2411
x0213 8829 16158 2508
x0214 9920 15062 2748
x0215 8090 12558 1930
x0216 10126 14639 2965
x0217 9337 12468 2505
x0218 7458 10181 1667
x0219 8607 13153 2330
x0220 8976 14878 2252
x0221 9859 17007 2780
x0222 10383 17085 2913
x0223 9616 13677 2358
x0224 10491 17981 3406
x0225 7585 13687 2164
x0226 10372 16159 2630
x0227 9104 12525 2242
x0228 8983 16462 2285
x0229 9322 14730 2513
x0230 9740 16700 2721
x0231 8965 15328 2503
x0232 8585 13590 2578
x0233 9178 14513 2415
x0234 9297 13277 2402
x0235 9183 14525 2398
x0236 9157 15469 2402
x0237 9340 16458 2643
x0238 8646 14456 2549
x0239 6899 11551 1851
x0240 8424 14191 2361
x0241 8683 15278 2604
x0242 9124 14454 2987
x0243 7967 13436 2468
x0244 9900 14437 2691
x0245 9421 14539 2605
x0246 9510 16458 2952
x0247 9246 16350 2370
x0248 8950 13397 2406
x0249 8369 14507 2324
x0250 8573 13508 2229
x0251 8829 13402 2300
x0252 8945 12781 2145
x0253 8363 12706 1936
x0254 9901 14232 2432
x0255 8904 13305 2544
x0256 9162 13198 2393
x0257 8250 12071 1624
x0258 8075 12423 2293
x0259 9077 13336 2118
x0260 7276 12396 2064
x0261 8471 14490 2239
x0262 9405 16214 2584
x0263 10148 16614 2641
x0264 10121 13225 2305
x0265 8644 15094 2597
x0266 9791 15634 2541
x0267 8486 13964 2081
x0268 10525 17298 3053
x0269 9332 13748 2345
x0270 9973 16367 2580
x0271 9519 14766 2511
x0272 9761 14575 2692
x0273 8305 14095 2131
x0274 9255 12539 2077
x0275 9588 13055 2110
x0276 7906 12394 2066
x0277 9935 15496 2772
x0278 10597 14408 2725
x0279 9007 13585 2384
x0280 9527 14117 2462
x0281 8809 14474 2595
x0282 8199 13688 2423
x0283 7103 13105 1737
x0284 7963 11318 2247
x0285 8054 14545 2377
x0286 7889 13131 1985
x0287 8553 14922 2631
x0288 8194 14006 2331
x0289 7997 11921 2237
x0290 8845 12420 2388
x0291 8693 13110 2950
x0292 8242 11691 2433
x0293 8587 14673 2846
x0294 8455 13303 2552
x0295 9557 14058 2950
x0296 7716 14212 2603
x0297 9036 13964 2651
x0298 10774 15337 2809
x0299 8253 14172 2328
x0300 8187 14643 2370
x0301 9826 17029 2791
x0302 8139 16324 2798
x0303 7006 12650 2289
x0304 9451 16342 2887
x0305 9387 14095 2853
x0306 9586 17326 2978
x0307 9872 15227 3104
x0308 8383 13956 2637
x0309 7896 12869 2455
x0310 9220 15652 2858
x0311 9473 12991 2961
x0312 8707 13735 2983
x0313 8889 12901 2741
x0314 9331 14098 2906
x0315 8765 14578 3453
x0316 8767 15317 2944
x0317 8154 14232 2814
x0318 10453 18515 3417
x0319 8764 16525 2914
x0320 8279 14900 2699
x0321 8825 15154 2586
x0322 9182 16615 2883
x0323 10244 14633 2853
x0324 8041 14260 2009
x0325 7550 13468 1987
x0326 9117 16113 2500
x0327 8596 14305 3205
x0328 8742 16180 2808
x0329 9602 14638 3255
x0330 8608 14826 2901
x0331 6966 13158 2667
x0332 8145 14546 2509
x0333 7347 11430 2338
x0334 7145 13181 2465
x0335 8272 13535 2724
x0336 8813 13031 3132
x0337 8619 12027 2574
x0338 8007 11688 2250
x0339 7211 11382 2317
x0340 9673 15669 3578
x0341 11634 16541 4210
x0342 9195 15982 3026
x0343 10491 15334 3821
x0344 7950 12939 2982
x0345 9053 15546 2896
x0346 8264 15583 2949
x0347 9095 13698 2858
x0348 7654 14860 2911
x0349 10474 16139 4015
x0350 9041 14298 2996
x0351 8346 12584 3160
x0352 7414 12938 2868
x0353 7164 11796 2361
x0354 8432 13106 2552
x0355 8342 14939 2825
x0356 7530 13702 2421
x0357 7323 13961 2152
x0358 6599 14410 1782
x0359 7234 13139 2205
x0360 5922 11817 2161
x0361 7857 13472 2324
x0362 7323 13326 2142
x0363 8025 12390 3021
x0364 8129 14497 3025
x0365 7945 13257 2234
x0366 10011 15634 2796
x0367 8719 15551 2758
x0368 9770 14842 2883
x0369 9440 13830 2836
x0370 8640 14175 2610
x0371 7940 14048 2988
x0372 7894 12557 2769
x0373 8264 13435 3501
x0374 7122 11921 2693
x0375 8197 14368 3086
x0376 8266 12527 3078
x0377 7815 11375 2755
x0378 8914 14708 2943
x0379 8867 11460 3109
x0380 9955 11723 3747
x0381 8859 10947 2985
x0382 7704 11663 2578
x0383 6723 10286 2692
x0384 7083 11177 2243
x0385 7107 10183 2810
x0386 6974 10239 2488
x0387 7561 10910 2439
x0388 8893 12058 2920
x0389 7280 11699 2342
x0390 6514 10347 2445
x0391 8658 12265 2948
x0392 7025 9602 2876
x0393 7763 10909 2649
x0394 6498 8144 2011
x0395 7626 11300 2602
x0396 7932 12615 2458
x0397 6369 9823 2144
x0398 9714 12892 3045
x0399 8390 11281 2907
x0400 8131 12396 2909
x0401 8859 14191 3056
x0402 8701 12055 3115
x0403 8747 11282 3407
x0404 9250 13423 3662
x0405 10282 14298 4100
x0406 8506 13270 3424
x0407 9984 14135 3847
x0408 8631 10798 2937
x0409 8125 9660 2921
x0410 9132 10894 3410
x0411 8586 11870 2980
x0412 9650 14634 3446
x0413 8200 10754 2991
x0414 9359 12136 3258
x0415 9806 11344 2940
x0416 10622 12445 3268
x0417 10233 12593 3509
x0418 8940 10435 3416
x0419 7988 11051 2906
x0420 8248 12710 3132
x0421 7994 12015 2996
x0422 7649 10858 2814
x0423 8339 11964 3133
x0424 7421 13264 2320
x0425 6603 13401 2151
x0426 8089 14069 3042
x0427 6748 12150 2423
x0428 7612 13554 3144
x0429 6025 12537 2144
x0430 7481 13470 2920
x0431 7654 13444 2773
x0432 8680 14645 3010
x0433 8836 14506 3454
x0434 8512 12936 3083
x0435 6556 10986 2358
x0436 9670 13842 3284
x0437 7821 12650 3182
x0438 7179 12102 2664
x0439 6128 10941 2632
x0440 7820 12723 3547
x0441 7475 13289 3107
x0442 6105 12317 2488
x0443 5793 11005 1923
x0444 8428 13885 3112
x0445 7792 13047 3251
x0446 7502 13508 2861
x0447 6455 13164 2536
x0448 9357 13831 3147
x0449 6787 11727 2601
x0450 8402 13392 2959
x0451 7497 13867 2507
x0452 8745 14260 3101
x0453 8832 13823 2996
x0454 8877 15059 3559
x0455 8157 12640 3074
x0456 8774 13863 2563
x0457 7350 12648 2580
x0458 8156 14002 2595
x0459 6064 11084 2158
x0460 6867 10775 2258
x0461 6556 10022 2337
x0462 6455 9889 2571
x0463 6598 10350 2358
x0464 6459 10924 2318
x0465 7735 13096 2822
x0466 9093 15959 3151
x0467 9207 16810 3386
x0468 7414 11357 2757
x0469 6905 12520 2730
x0470 7392 13790 2908
x0471 6589 12620 2946
x0472 7098 13064 2416
x0473 5852 9963 2713
x0474 6901 10771 2428
x0475 8188 13304 3039
x0476 6613 13642 2536
x0477 5523 9955 2288
x0478 4511 10362 2147
x0479 8199 15408 2728
x0480 6444 13332 2590
x0481 6059 10850 2201
x0482 5805 11982 2313
x0483 6481 11927 2298
x0484 5797 12544 1759
x0485 6057 10877 2176
x0486 5935 11920 2045
x0487 6815 13104 2659
x0488 7523 12884 2813
x0489 6416 13128 2401
x0490 6301 12065 2544
x0491 6358 13941 2706
x0492 5938 12371 2194
x0493 6576 11233 2091
x0494 6493 11686 1921
x0495 6400 10484 2031
x0496 5758 10772 2191
x0497 5473 10009 2096
x0498 5064 9911 1861
x0499 6105 11941 2054
x0500 5843 10185 2117
x0501 6061 11910 2330
x0502 5895 10056 2004
x0503 5921 10871 2123
x0504 6631 11176 2293
x0505 6554 11583 2366
x0506 5851 9911 2193
x0507 6009 11564 2327
x0508 7117 11840 2364
x0509 7603 14285 2643
x0510 6512 11380 2409
x0511 8160 13213 2498
x0512 6007 11125 1978
x0513 6700 11651 2152
x0514 7273 13263 2684
x0515 8206 14596 2849
x0516 7009 12377 2559
x0517 7787 12925 2508
x0518 7793 12513 2272
x0519 6943 11016 2141
x0520 7880 12351 2347
x0521 6434 12881 2213
x0522 6770 13025 2360
x0523 6469 13360 2537
x0524 8131 12188 2259
x0525 8054 12916 2683
x0526 8386 13657 2933
x0527 5959 13204 1952
x0528 9152 16651 3358
x0529 8706 14219 2953
x0530 6653 13963 2389
x0531 5054 11794 1873
x0532 7941 15362 3032
x0533 5962 12112 1826
x0534 5562 12899 2245
x0535 6528 12383 2410
x0536 6445 15637 2228
x0537 6088 15255 1877
x0538 5192 12763 1945
x0539 8304 16050 2907
x0540 7243 16094 2998
x0541 7053 14854 2846
x0542 6987 15350 2863
x0543 7806 14528 2866
x0544 6083 13363 2499
x0545 7733 15294 3308
x0546 7246 14534 3196
x0547 7703 14382 3115
x0548 7408 15882 3275
x0549 7323 14150 3058
x0550 8114 14896 3325
x0551 6794 13407 3235
x0552 6440 14204 2792
x0553 7304 15440 3362
x0554 7415 15726 3194
x0555 6901 14758 3094
x0556 8484 17136 4026
x0557 7067 14188 3721
x0558 6844 13960 3067
x0559 5628 13266 2842
x0560 6497 14416 2958
x0561 6348 15494 2468
x0562 6352 13814 3054
x0563 7744 13292 3495
x0564 6221 12615 2485
x0565 5957 13480 2718
x0566 8412 14960 3656
x0567 6455 13930 2835
x0568 7203 15309 3139
x0569 6358 13451 2769
x0570 5456 11384 2270
x0571 5661 12687 2358
x0572 5513 11368 2820
x0573 6544 10245 2517
x0574 5236 10152 2190
x0575 6338 11684 2684
x0576 6405 11623 2475
x0577 6193 11101 2806
x0578 4902 9650 2101
x0579 5753 11233 2320
x0580 5270 11722 1923
x0581 6000 10562 2353
x0582 7258 14299 3196
x0583 7604 12374 3027
x0584 7445 12270 2863
x0585 6524 11995 2391
x0586 7585 13594 2911
x0587 6704 12849 2392
x0588 6463 11776 2671
x0589 7802 14281 3342
x0590 8531 12839 3830
x0591 7786 12820 3704
x0592 7538 11433 3184
x0593 6580 11052 2871
x0594 6924 12946 2496
x0595 6168 13558 2429
x0596 7706 12379 2706
x0597 5154 10991 2383
x0598 5651 9692 2423
x0599 5652 10728 2148
x0600 6170 11406 2524
x0601 6126 11292 2283
x0602 6399 12938 2608
x0603 5262 9529 1862
x0604 6599 11969 2753
x0605 5885 10513 2323
x0606 6417 11649 2437
x0607 7410 12963 3063
x0608 6007 10806 2493
x0609 7431 11082 2808
x0610 5852 10455 2414
x0611 6441 11504 2965
x0612 5461 10890 2177
x0613 7473 10903 2945
x0614 8387 11769 3715
x0615 8616 11894 3580
x0616 9833 12277 3996
x0617 11123 13344 4694
x0618 10191 13847 4165
x0619 8969 12116 3668
x0620 9023 11772 3958
x0621 9407 10317 3712
x0622 9608 13029 3928
x0623 9015 10922 3934
x0624 8272 11952 3429
x0625 8908 12017 3385
x0626 8493 10373 3289
x0627 9299 10858 3714
x0628 8863 11980 3910
x0629 7892 9392 3219
x0630 7764 10429 3335
x0631 10336 13858 4726
x0632 7976 10662 3728
x0633 9144 13900 4217
x0634 8522 11658 3473
x0635 9040 12463 3922
x0636 8879 12863 4136
x0637 10030 13421 4279
x0638 7268 9057 2590
x0639 7853 10718 3165
x0640 7724 10439 3573
x0641 7234 10590 3291
x0642 7948 10933 3274
x0643 10403 15647 4826
x0644 8357 11400 3896
x0645 8657 12257 3617
x0646 8001 11229 3561
x0647 8953 11828 3529
x0648 9875 13101 4052
x0649 10164 12796 4301
x0650 7382 9614 3305
x0651 7981 10198 3349
x0652 8359 11078 3354
x0653 8636 12866 3923
x0654 8592 13106 3727
x0655 9738 11585 3653
x0656 9885 12851 4292
x0657 8143 12187 3541
x0658 7389 11188 3578
x0659 8569 12862 3994
x0660 7660 9879 3576
x0661 10428 12767 4771
x0662 7873 10481 3591
x0663 7362 10837 3956
x0664 7806 11168 3817
x0665 7883 10347 3925
x0666 8508 11668 3914
x0667 8320 12293 3477
x0668 9699 11427 4074
x0669 7529 11885 3164
x0670 8407 12091 3592
x0671 7981 11243 3142
x0672 9623 10912 3336
x0673 7637 11857 3084
x0674 8301 11842 3077
x0675 6349 10051 2321
x0676 7179 9723 2404
x0677 7247 9480 2383
x0678 7724 10560 2626
x0679 6949 9215 2364
x0680 7824 10938 2974
x0681 6380 10136 2399
x0682 6823 10497 2381
x0683 6407 8946 2602
x0684 6644 8431 1945
x0685 8465 11084 3456
x0686 7711 11412 3032
x0687 6530 10341 2239
x0688 6367 10411 2332
x0689 6414 9796 2705
x0690 8327 11352 3112
x0691 6649 10573 2084
x0692 5317 10137 2124
x0693 6930 10503 2667
x0694 6515 10254 2341
x0695 7142 10690 2671
x0696 7666 11228 2634
x0697 7026 11399 2485
x0698 6870 10364 2866
x0699 6012 11145 2346
x0700 6671 9865 2574
x0701 7118 12599 2649
x0702 7898 11149 2689
x0703 7264 11648 3033
x0704 6596 10852 2253
x0705 6686 12001 2428
x0706 7095 12126 2515
x0707 8200 10320 2595
x0708 7322 9696 2485
x0709 6303 10677 2130
x0710 5740 8945 2335
x0711 6933 11695 2487
x0712 7746 13332 2793
x0713 6815 10768 2517
x0714 5820 10074 2634
x0715 7170 10791 2542
x0716 6482 10467 2554
x0717 8068 10781 2887
x0718 8553 13424 3448
x0719 7891 11387 3513
x0720 7016 11020 3285
x0721 8466 11000 3325
x0722 7091 10660 2349
x0723 7272 9713 3316
x0724 6514 10373 3213
x0725 6795 10237 3471
x0726 6339 9862 2909
x0727 7518 11135 3292
x0728 7729 12571 3353
x0729 7585 13181 3544
x0730 7260 10518 3337
x0731 6882 11869 2777
x0732 6578 11227 2901
x0733 7043 11592 3310
x0734 6564 11162 2575
x0735 6290 11882 2738
x0736 6847 10571 3085
x0737 7665 12518 3037
x0738 7089 13936 2846
x0739 5837 10290 2788
x0740 5992 11875 2636
x0741 6930 10537 2834
x0742 7512 11277 2947
x0743 7015 11369 2322
x0744 7986 12647 3020
x0745 6625 10202 2479
x0746 7502 13040 3111
x0747 7082 11351 2888
x0748 8029 11347 2990
x0749 7056 11110 2540
x0750 8747 13880 3479
x0751 8283 13791 3577
x0752 6463 10848 2589
x0753 7795 10958 2983
x0754 5997 10823 2486
x0755 7073 12542 2963
x0756 7921 12238 3061
x0757 7400 13272 2981
x0758 6848 12634 2673
x0759 7692 12195 3118
x0760 8390 12622 3298
x0761 6014 10133 2381
x0762 8267 14316 2842
x0763 7550 11302 3093
x0764 8216 13251 3064
x0765 6277 9941 2310
x0766 7411 11158 2959
x0767 8500 13911 3695
x0768 8193 12753 3144
x0769 7659 11642 3065
x0770 7593 12970 3308
x0771 8200 12129 3324
x0772 7697 12117 2977
x0773 8146 11818 3041
x0774 8016 12545 3310
x0775 9597 14187 3711
x0776 7165 13092 3179
x0777 7932 12101 2972
x0778 8036 13587 2687
x0779 8118 12530 3005
x0780 7271 11049 3001
x0781 7556 11885 2925
x0782 7023 12908 2435
x0783 6925 10745 2631
x0784 7297 11841 2598
x0785 6252 9832 2444
x0786 4449 8397 1860
x0787 5990 8773 2257
x0788 6456 9547 2333
x0789 5950 9362 2266
x0790 6713 11214 2576
x0791 7327 11060 2728
x0792 6021 10239 2268
x0793 6062 10407 2252
x0794 4082 8207 1739
x0795 4841 8570 2165
x0796 5892 10574 2644
x0797 6314 11493 2494
x0798 5939 9682 2907
x0799 5656 10207 2665
x0800 6347 10143 2620
x0801 7181 11177 2963
x0802 7954 12115 3367
x0803 6749 10639 2712
x0804 7200 12113 3265
x0805 7841 11460 3277
x0806 8126 14270 3482
x0807 7408 11795 3163
x0808 7782 12491 3163
x0809 7839 12772 3260
x0810 5839 9375 3122
x0811 5816 9877 3028
x0812 8351 13325 3749
x0813 6125 11700 2881
x0814 8927 13567 4071
x0815 7463 11370 3533
x0816 6476 12641 2828
x0817 5925 11207 2768
x0818 6517 11377 2812
x0819 8252 13166 3335
x0820 5901 11149 2651
x0821 7133 13925 3473
x0822 9024 14793 4149
x0823 8019 13618 3563
x0824 6844 12934 3227
x0825 7701 11006 3871
x0826 8936 14088 4004
x0827 7878 12976 3677
x0828 8581 13254 3590
x0829 8581 13789 3281
x0830 6945 10949 3221
x0831 6949 11493 3086
x0832 6568 12900 2687
x0833 6476 11730 2704
x0834 6825 10936 2945
x0835 6065 10779 2462
x0836 5590 10853 2472
x0837 5546 11257 2700
x0838 5541 12124 2838
x0839 5989 11502 3215
x0840 6390 11808 2917
x0841 6427 12007 2887
x0842 5625 11986 2489
x0843 6711 12863 3004
x0844 5563 9942 2640
x0845 4766 9804 2450
x0846 4828 9658 2534
x0847 6927 11946 3072
x0848 5939 10885 2877
x0849 7289 12053 3878
x0850 7550 12711 3829
x0851 6677 11379 3680
x0852 7504 12296 4510
x0853 6689 13341 4280
x0854 5200 11406 3095
x0855 6420 11636 4310
x0856 6093 11335 3482
x0857 5806 10640 3654
x0858 5700 10738 3462
x0859 6829 12793 3814
x0860 6770 13444 4539
x0861 6786 13095 4650
x0862 5349 11231 3923
x0863 5929 12082 3934
x0864 5539 11936 3231
x0865 6349 11585 3802
x0866 5647 10534 3520
x0867 6818 10576 4134
x0868 6224 10539 3538
x0869 7195 13359 4199
x0870 8082 13846 4868
x0871 5385 10510 3215
x0872 6029 11482 3810
x0873 5969 12297 3470
x0874 5931 11361 3823
x0875 8286 14536 5144
x0876 7658 13418 4575
x0877 7064 12587 3785
x0878 7074 12452 3910
x0879 6257 12275 3413
x0880 7193 11672 4571
x0881 6272 10805 3629
x0882 6064 10497 3140
x0883 5759 9793 3754
x0884 5957 11122 3627
x0885 6377 10486 3843
x0886 6475 10884 3962
x0887 5423 10965 3313
x0888 5675 10933 3492
x0889 7552 13082 4791
x0890 6713 11293 4149
x0891 6608 10435 3663
x0892 7236 13223 4517
x0893 6615 12940 3881
x0894 6356 11415 3550
x0895 5091 11531 3079
x0896 5743 12608 2559
x0897 4846 9945 2045
x0898 5104 11337 2474
x0899 5878 10922 2901
x0900 5513 10599 2416
x0901 6105 12032 2773
x0902 4692 11407 2237
x0903 5117 11461 2728
x0904 5106 10529 2701
x0905 6868 11958 3119
x0906 6107 11015 2978
x0907 5831 9940 2757
x0908 7256 12058 3477
x0909 5389 11277 2640
x0910 5105 11129 2681
x0911 4854 10892 2590
x0912 4147 8848 2581
x0913 5801 10913 2987
x0914 5780 9795 2953
x0915 5216 10424 2888
x0916 5749 12766 3640
x0917 6385 12624 3782
x0918 5194 11246 3063
x0919 6067 13223 3288
x0920 5338 9982 3208
x0921 6729 12614 4093
x0922 6245 12666 3880
x0923 7841 14010 4255
x0924 5291 11133 3079
x0925 7000 14218 3982
x0926 6517 12953 3966
x0927 5592 9572 2981
x0928 6965 13498 3847
x0929 6037 11873 3000
x0930 6672 10975 3674
x0931 7689 13269 4693
x0932 6801 13638 4537
x0933 6967 11362 4462
x0934 6655 12035 4963
x0935 7640 12657 4456
x0936 6722 12103 5485
x0937 6885 10719 4974
x0938 6558 10772 5036
x0939 7558 13059 4808
x0940 8313 12813 5670
x0941 8003 13886 5606
x0942 7713 12552 5613
x0943 7508 11140 5442
x0944 7224 13069 4683
x0945 6907 11745 5001
x0946 8379 13496 6566
x0947 7499 12984 5623
x0948 7976 13504 5316
x0949 6559 12134 4743
x0950 8629 14932 6574
x0951 7599 12602 5450
x0952 6950 10819 5022
x0953 8269 12671 6321
x0954 7901 12345 6089
x0955 7783 12853 5470
x0956 7727 12658 6180
x0957 8861 12739 6841
x0958 8053 12259 5794
x0959 8579 12164 6752
x0960 8111 12397 6057
x0961 7896 12343 6326
x0962 9100 15988 6538
x0963 7152 11225 5494
x0964 9051 14415 6424
x0965 8689 11458 6188
x0966 8889 13048 6743
x0967 8450 13399 6117
x0968 9849 14021 6758
x0969 9027 15768 6081
x0970 6862 11667 5124
x0971 8849 14044 6510
x0972 7938 12472 5696
x0973 8254 13154 6322
x0974 8629 13483 6329
x0975 8037 12171 5670
x0976 6159 9665 4882
x0977 6943 11330 5380
x0978 7890 14583 5730
x0979 6941 11819 5771
x0980 7944 14170 5852
x0981 8105 14615 5960
x0982 8140 13512 6078
x0983 7462 12391 5572
x0984 9093 13496 6814
x0985 7765 13850 5880
x0986 7568 12904 5863
x0987 8814 15869 6692
x0988 8496 13411 6059
x0989 9315 15703 6608
x0990 8109 13493 5893
x0991 9672 16075 7664
x0992 9565 15223 7090
x0993 10015 15454 7171
x0994 9893 14302 7180
x0995 8986 14336 6813
x0996 8734 13956 6230
x0997 8224 13592 5914
x0998 7684 12863 5331
x0999 9485 15359 7034
x1000 8805 15161 6169
